0.15091490739244018	0.674197243523772	0.3355154945392519	0.6629947145585959	1
0.6167078053838027	0.9979053409476812	0.0712652200515903	0.9015536272609954	1
0.6626879289576106	0.07476709079487476	0.5814923721009605	0.24554301683314783	1
0.43322594387637614	0.4799324803541224	0.8356837928622654	0.2159993115990001	1
0.45555464658035905	0.8881781402700398	0.6953461942826611	0.1624935969860879	1
0.08657294472912835	0.9293189634021023	0.1798984501933636	0.7318765261477663	1
0.02276612842297665	0.08545370136026131	0.3963351998283591	0.587001497509099	1
0.22173385528337874	0.5773330199165818	0.3277526799276854	0.48245207719972494	1
0.4190329758250001	0.44866083128523937	0.45949228910269924	0.3805992944211605	1
0.6281178999960856	0.8141528994717225	0.3837353508655691	0.28229303763339675	1
0.3767597691598058	0.7455166788303135	0.2969459789947053	0.6720638352874183	1
0.38408900542333246	0.536215958518859	0.32622374890670847	0.737775293640106	1
0.5125527242095437	0.35943825504712856	0.843572140867504	0.592357045977422	1
0.8237024061024053	0.14874329072469128	0.677143167272289	0.9261127487600754	1
0.714155528562701	0.927672326535259	0.22886268289894796	0.8220422326575965	1
0.23725781630514742	0.1529878732926131	0.9954474555163988	0.4832139224817731	1
0.47443012411002017	0.1976155878725765	0.39692271659051204	0.08961401169328909	1
0.25306004396277604	0.8404305156161133	0.7657385045479046	0.2291371273974253	1
0.007551789379090845	0.5136120682135709	0.7987278470902781	0.13612344614541827	1
0.8838844427857884	0.03865264334676677	0.8062143129886667	0.13379030970023598	1
0.23281017167575324	0.32728933007957606	0.629998650510094	0.7573275015044626	1
0.9897543983763789	0.515260123620687	0.3671651784241058	0.11760560482234406	1
0.171546312311328	0.40430101803150875	0.5455978504385509	0.8157517003140998	1
0.8445358524779901	0.5112005630542705	0.564281180545459	0.28066805569255204	1
0.49200097629026496	0.7138729347737027	0.14485443128405628	0.6038821285247895	1
0.9504227791848281	0.572737046295636	0.767047891513535	0.5518427184577719	1
0.7621169533258175	0.284500154542764	0.5255661346058927	0.5777120713991107	1
0.395244249239999	0.8832949811208415	0.6699632067272683	0.17931273826785588	1
0.7167855886948271	0.3138484976817617	0.7196908721343678	0.31107741523208576	1
0.9536235285597514	0.35262972454800934	0.3657472248043703	0.41965672743791227	1
0.39542954429766475	0.28208327904835373	0.1482600676973359	0.4514054985713546	1
0.4042982586508701	0.7470928485639271	0.4972518276164518	0.2424631066644205	1
0.06758235824834424	0.809201433545948	0.6907894754959664	0.6319661585753562	1
0.49491442227791393	0.5379410958600722	0.6271421253022149	0.6774080219650291	1
0.7916750641048933	0.11099095896633138	0.013329128735775742	0.8409748925972285	1
0.47448303686382787	0.9391490095181669	0.8274301130440265	0.3776135357586051	1
0.7369513751252729	0.9245214083222308	0.9102875967682776	0.8857612728948714	1
0.49403115835987854	0.7310347669668047	0.4093627707993194	0.25344994215907957	1
0.5586123583076277	0.7336178704634052	0.6906071381638963	0.2529071963232806	1
0.003582396367848739	0.3961503859160136	0.8336084615392136	0.5459495475266516	1
0.017572520880889453	0.6685325077874847	0.37632628922643174	0.2806872695576782	1
0.1641092032212731	0.6510145414137769	0.715886200002626	0.560722257832294	1
0.435095362398794	0.8124594555116589	0.8232626921282451	0.7308183489411555	1
0.24185345249761636	0.16402111605790703	0.6629968482429854	0.9937644441040179	1
0.7060220496982818	0.37210916590456067	7.104653405776151e-05	0.12629127456757927	1
0.41870403780492993	0.17500115209449196	0.9266227912212683	0.817978876973423	1
0.3943231598262745	0.1808976664262193	0.39983922795402116	0.6893274317706547	1
0.6220286865710057	0.6626031208579871	0.1371050018383413	0.398697927749341	1
0.7718284367724032	0.5434960488086629	0.5841752830455696	0.7286202730592521	1
0.02309577890503567	0.7996273779155909	0.589613870759978	0.8854890176979593	1
0.988193106671342	0.7311847914741066	0.5280165905863778	0.446074145079148	1
0.07346058969255587	0.8487399034211427	0.1532983724895982	0.5635339468942213	1
0.11763426932821586	0.9491090257392731	0.4020896744269884	0.20556264541988412	1
0.9079375376874539	0.3879641061620286	0.41448328690796865	0.8108600352547488	1
0.051919043721341485	0.3910026804800997	0.5621290566188578	0.9396953601237588	1
0.5486174039860466	0.39306574504486336	0.6802751304280212	0.3661911796699794	1
0.7712099296012219	0.38859096593594367	0.9719572712599056	0.6194844859169838	1
0.11137381531027801	0.418575994662014	0.6213392142329791	0.8194507318018684	1
0.6859931496611653	0.016984699611712784	0.1436655931622679	0.013610613876815725	1
0.7293900209164172	0.28535092363183945	0.023760079134299672	0.8783860810060609	1
0.3638135899682653	0.6614042434164384	0.40962413567508693	0.39120204576686246	1
0.15440304765116786	0.4024561421250833	0.05918942001156058	0.1387911785667829	1
0.1205434620000746	0.055636823360516674	0.42155765862502614	0.7166317459903413	1
0.16693749119386503	0.45800389182453627	0.7103829162165762	0.24917448195168235	1
0.13050523973191253	0.7242499967693041	0.3614693095232868	0.8812960475741224	1
0.40013373758446535	0.6972069261157797	0.6991291078662981	0.8555429579772321	1
0.777580551409008	0.05891964191115262	0.6150522582460204	0.383658741252779	1
0.2549069978067028	0.09122996363111757	0.347508327163222	0.560742603731235	1
0.1992024460085633	0.40485236891484777	0.1825836967773311	0.6492321420687915	1
0.7810010082203694	0.2377051273075359	0.5980438511887337	0.3975100141741663	1
0.1761406526428324	0.00397821890541783	0.27240780614409554	0.24058634483955965	1
0.4837670870236266	0.8255894599096413	0.6550378791831258	0.19977794695054318	1
0.4306528966813524	0.05052483323446377	0.49796441375639344	0.7806825147695317	1
0.9110200304000481	0.9605298623938783	0.11494959275369865	0.6313510924151079	1
0.2681052789189863	0.474129976957787	0.756068347047201	0.09765939596034245	1
0.1486517721335453	0.606404537141719	0.8298398388511871	0.7967193666214621	1
0.7519058505728289	0.3287392066490832	0.6565333399284252	0.6856451138500179	1
0.9806699656495066	0.8030285918583073	0.03299295295103921	0.4109982274884032	1
0.2543953050616439	0.4454443251522042	0.23364992298697518	0.44467389347925335	1
0.24783796668703395	0.7300587727678022	0.5626948393490484	0.8019609841757017	1
0.4206154060901841	0.6670903476933656	0.7451703261839372	0.41227951565275023	1
0.7480233229954456	0.05478494924805355	0.9107281509329918	0.743242696029988	1
0.3963311790413935	0.8727365627084406	0.08894306241556404	0.3005031722679594	1
0.5688069372688825	0.4258457105804051	0.345112833524174	0.3842347974126077	1
0.7528416098130762	0.7436364354412669	0.2692791752964956	0.9443045816593738	1
0.5150998340901117	0.6739392608009422	0.7300089368424015	0.4534067407262623	1
0.3905435759859879	0.621658641972829	0.4501956862561588	0.6360840169920887	1
0.6125543792595491	0.5558604601464955	0.34996704462429107	0.6205217582398969	1
0.9283747626623724	0.6107035072667237	0.03841724157592463	0.7680018270163824	1
0.20205772550460643	0.24272584381236917	0.8262916048824789	0.005693898713120205	1
0.5207612410151846	0.8402498797348529	0.9823103382627515	0.5578686125816933	1
0.6872577304517856	0.15255869387789112	0.5408980637554066	0.3213472161090538	1
0.6916999982612327	0.23913473484683	0.3507006189459029	0.5084406598949229	1
0.688393029038875	0.44298264621206995	0.6365485210237558	0.7249786714784496	1
0.49009405509419846	0.47580702516194606	0.072014526518827	0.35718997698126453	1
0.7783005525912213	0.8153204245267054	0.716667182690501	0.43657228757620015	1
0.722266068220611	0.6398580923412007	0.16987951873264462	0.6501180157356359	1
0.04311744398226669	0.4139323720160196	0.2102739178861731	0.27020386155746856	1
0.7164940682612808	0.12566773675134013	0.7240401858528795	0.6617713456938863	1
0.35672220585833636	0.8400370611525537	0.6930820937959344	0.3697628233984983	1
0.11939019435278664	0.09151575651219956	0.7042313570814202	0.7382355283231729	1
0.03128989669765958	0.9937013490243088	0.3223129652943292	0.9374874079836828	1
0.04173388770672637	0.6776940640961199	0.42559591165204014	0.18986872233344043	1
0.387198641765481	0.9555045767202833	0.715757556694078	0.46502329769685546	1
0.7983749423239715	0.29806753704071487	0.9637834682420019	0.18142150398299883	1
0.3510308061894595	0.022632785953293988	0.8307091132353555	0.43165341468010343	1
0.24274961086914404	0.4938982553926933	0.34972035152737935	0.794909360330494	1
0.6925640124525759	0.42891290177989183	0.2765793545491494	0.898634895993526	1
0.5589086550536267	0.6967977655815565	0.5403468904606423	0.03188434619589087	1
0.7387070724651964	0.8205089363942673	0.1608498473886062	0.029417754964477405	1
0.19172619200767138	0.32692109863030727	0.9697536718792382	0.7921801350276011	1
0.3252162096791965	0.35814663503394406	0.758349806625827	0.36747280242938396	1
0.48682516530164366	0.39569638602020485	0.4734871634132496	0.8148280886306404	1
0.7435570969154188	0.7477949603660892	0.993866470507132	0.36486414432276826	1
0.8208856794403365	0.28906873657575416	0.7378467165383208	0.31237086736677655	1
0.45491794403871866	0.08758010275442163	0.8032628143336478	0.08151007700676949	1
0.05647814637848936	0.9529974281625433	0.719827565584949	0.34921995165399866	1
0.7278111235552353	0.21373606294122227	0.6181739527807318	0.8669994924658045	1
0.5333682012508112	0.6948151211562167	0.8936826943626123	0.6851460527040977	1
0.9861055522874412	0.040634254186561636	0.5722984976458436	0.8785275968659856	1
0.24081092818456573	0.7223281447446042	0.4916690712029257	0.9232140281807202	1
0.5782065760446755	0.9735162220867989	0.10880358701238058	0.870137597451428	1
0.23377157256193248	0.4687827388053999	0.19168586278871247	0.4150420641048007	1
0.1572242184320911	0.22600210543015942	0.7809710796542528	0.8763733841844913	1
0.24630560492019393	0.7017909034018655	0.9350863852571684	0.3666511608632774	1
0.33916345160683425	0.8760032084900323	0.9683999299916848	0.9304139964948026	1
0.14723174725404975	0.7868091929773765	0.8213162053654117	0.8417999650006658	1
0.45897621349073425	0.32629890592143307	0.8150814780292519	0.48433167679640576	1
0.5357768740792771	0.47418517710692043	0.6247953542422454	0.504510757845811	1
0.951730143379184	0.7653206172400744	0.47913134256029377	0.9929976233521774	1
0.009508306356079133	0.08995682613719302	0.9913375161592564	0.365453775917466	1
0.6127750619378011	0.17406192173744417	0.22941809813768888	0.561831312011966	1
0.08044270666612563	0.8549457249979602	0.22555368266532794	0.7850861300397315	1
0.08788194591222975	0.7506082703603679	0.753297468060953	0.05870422498250605	1
0.10869459969706485	0.42982872664451766	0.835717225032226	0.047338031330843244	1
0.6220731175997334	0.013945006686493011	0.3176232536287642	0.23912871536344305	1
0.1008465390296387	0.9112859806417987	0.733523986406207	0.873432416604717	1
0.5220599695019904	0.9825680929345928	0.3339182803800804	0.45752614749769316	1
0.8614073185143478	0.7540878492633598	0.8512580453474372	0.1597694408967022	1
0.9151461505418799	0.2190115677555724	0.044663208932962606	0.8656572931143642	1
0.6321718246913082	0.4420229526032987	0.9022435578726405	0.4473097539756189	1
0.3563514304237544	0.5211550716845369	0.2108579190461669	0.5674592419566405	1
0.26074706562615446	0.7412092378285818	0.4358666168039037	0.39081205163534016	1
0.5566327785688754	0.45039193829692303	0.8293933761943206	0.40015554519551866	1
0.5770737790717181	0.9778853752267697	0.35813523380060364	0.07027102957404385	1
0.8927427575228958	0.28700730267114816	0.0822722974220591	0.916569983062522	1
0.34182416969931273	0.19002190185969858	0.8628564363482968	0.2809458863929246	1
0.24109049363787205	0.574502969208938	0.5873784540396894	0.05063274579243826	1
0.8522396678293356	0.9244847176932476	0.08334954163223607	0.5098966893266409	1
0.4465957011583751	0.11653197502766421	0.6550540528711862	0.10672478667426577	1
0.875005242876627	0.30607568614278	0.3666948052415999	0.42622038102723625	1
0.11938047507276472	0.0909305719354262	0.6559527191277958	0.8501977935679386	1
0.03019610424532093	0.4687445048642105	0.36467439790268497	0.1063710369626587	1
0.2935752042846038	0.3515609018441692	0.841915866994391	0.2829263075528292	1
0.43217772299562107	0.22712823527686565	0.4013241325836705	0.25132090708269694	1
0.6666645190801009	0.13749566644354516	0.7182167941099774	0.4134752480099654	1
0.0011524472526562857	0.5720945570924834	0.36497289688126755	0.9602792581032529	1
0.6351236636558385	0.7476932806612555	0.2574391043588825	0.8778310650595232	1
0.2502401174621549	0.26907082352192657	0.2770432138202681	0.9671856583978756	1
0.5834877538038005	0.5617874107826265	0.574473720633367	0.7963330540312163	1
0.5429534883563273	0.7068014277932275	0.6514468347832574	0.7863114845063784	1
0.6108187928773415	0.16203524971128624	0.12038284766775476	0.12665462840657005	1
0.5719935280844037	0.21038099799598642	0.6049776262591019	0.45242233347304517	1
0.03759970331219087	0.6218306113583997	0.30409640996770726	0.8133324135417581	1
0.4273051232811027	0.6505987380070704	0.22191381916662667	0.15357914930042837	1
0.4482221001686819	0.22407768322981036	0.04298667971162684	0.5089441228817237	1
0.14190955449212905	0.057228287389850085	0.130085129928318	0.6415269822667419	1
0.22769476749966278	0.12192264662536723	0.8841771583580998	0.5260560993797552	1
0.8503656965621686	0.9641370607311448	0.8673954702275053	0.8870481281830807	1
0.9622173519596812	0.3600939990775618	0.9915850250441071	0.15171269755090877	1
0.9884027207624705	0.968586429479139	0.06337917451561526	0.3821427418779887	1
0.25101120267385035	0.29025331799462484	0.5388639546218847	0.1760016259258208	1
0.6709131270349482	0.2534926412807078	0.8887372885287615	0.188524583120113	1
0.09898512540509685	0.2764614228489587	0.511239900884787	0.8225237315149516	1
0.38683825554114903	0.8025865881762081	0.6569226859331868	0.3997671949591526	1
0.1003635894344983	0.7154974488367619	0.4304132570424487	0.1373167119129215	1
0.4729517708517301	0.9268140082489336	0.5748441229216542	0.8260217773515648	1
0.8488463503427209	0.23931757996368086	0.3033769232910435	0.613392070568802	1
0.31590623886169567	0.7301655289079917	0.39058186091272107	0.6205552140666224	1
0.3067019212733222	0.4870304985355741	0.37991885359727007	0.8527824435443351	1
0.22092728216834423	0.8037320838382688	0.8223532353242282	0.7974179789632195	1
0.45263427334840367	0.6949634304335187	0.9116523911399795	0.8420521878675553	1
0.6116650266490997	0.027027540361827196	0.5482290311355517	0.8178761672193424	1
0.7758105982860473	0.21949359152942427	0.7449705706290846	0.28719362946784055	1
0.33100887970524506	0.11474884369700311	0.7742647983781812	0.3808952722727825	1
0.45486505567880364	0.11215409338420201	0.7986391170352846	0.9421949053672192	1
0.9430621879272881	0.40234305449826147	0.9109923907145152	0.5763718533714108	1
0.4714186319571625	0.49337314081786776	0.607780186621712	0.17740288980991215	1
0.32854049998486134	0.8921165989674816	0.3079212947121778	0.20973297009101666	1
0.5982081752017568	0.3522474867166384	0.44498305358630974	0.6578429216534188	1
0.9174074466187094	0.6989689598719924	0.6420332815030668	0.3656346935383986	1
0.6225946464740607	0.6714336651450371	0.03635969459902244	0.8723842163372095	1
0.43917493342789204	0.22533322080519602	0.1052528167922755	0.23562871603644964	1
0.8615228423672362	0.4181600824662566	0.7106944804021788	0.2509737544112297	1
0.43252932950492884	0.9924041922894302	0.40327357125386365	0.32303881850644844	1
0.16630057648462238	0.8331588286895069	0.2575128358231503	0.19031522558237524	1
0.2228692452860357	0.3662618199791102	0.20006942305696374	0.7533502340163228	1
0.8413122768215223	0.3733980755895123	0.07896233668139252	0.13388621784010102	1
0.3586718462013321	0.8469100870009536	0.34913756881602764	0.7589593074965671	1
0.35162993294487754	0.21263020369821095	0.6934944355982225	0.11697911008731143	1
0.5784110039854135	0.8110545555221605	0.8685257843040047	0.8674191839493087	1
0.03422444856506224	0.015891689499893946	0.19834715706810113	0.6381925738701885	1
0.4968093478794645	0.7936528097529426	0.5298023676048755	0.35019257021721795	1
0.7889498056604168	0.39283151025616503	0.689504508138507	0.46866767931155195	1
0.581394921868309	0.1551821261662364	0.8226891705362188	0.7063371428037062	1
0.38715094131087613	0.6272937400902159	0.46750365559782003	0.35924635520767445	1
0.5051075283415711	0.7873033694244741	0.7124379611677759	0.8895906828761856	1
0.7405234555466528	0.7190841126127582	0.9591711656588789	0.4443097059009423	1
0.5111315913931187	0.7099514060855103	0.5992948068759445	0.15489068403960005	1
0.14249334176969342	0.8154379629075831	0.01653432844250935	0.9561387719213605	1
0.06836497900000382	0.3612965727491554	0.3488048097126616	0.3536883139744259	1
0.12883059957506882	0.7788707867445968	0.7442701079562987	0.7817441770964474	1
0.035231936658378316	0.26725375640753923	0.11428527640974095	0.8029565714572464	1
0.6924964525799223	0.5505502982490009	0.9022689748110102	0.1285455033320726	1
0.15890218582438254	0.7444810899082417	0.7215762897207749	0.45398593073668625	1
0.2358068138617353	0.38641809938403926	0.30021916004978066	0.08464029698421471	1
0.48994482836738673	0.998674675177117	0.4562797729941951	0.5069690669384571	1
0.038158990053066555	0.955883988662913	0.4781269829927137	0.3256311610539898	1
0.4928557280523016	0.4859236030402767	0.9259890998802767	0.4346439120497031	1
0.5319225032985315	0.4430022925904322	0.20198039114733712	0.07034343490325323	1
0.3239639697534955	0.0053317204398476425	0.6094103617200745	0.614884212976362	1
0.6222121190591813	0.032100034097073626	0.17530048907312157	0.24824026765057627	1
0.4246123394326975	0.11193525951812278	0.215140782726989	0.36599611362313234	1
0.977454306634489	0.2070577234519646	0.9696395502320588	0.8571576803318212	1
0.2857542330720899	0.8995912258344241	0.8585570063574839	0.2523210635628179	1
0.40431536038191596	0.6272879882147988	0.17482885447665453	0.6892631676700844	1
0.7695019363642414	0.633816451624394	0.6472275569989162	0.435004587836605	1
0.49649023796134273	0.28685684475694717	0.5281491836982279	0.3928582829406593	1
0.1389632263562316	0.5254467155251245	0.10035413090500356	0.11757940860016414	1
0.7318428332453425	0.4363883340410163	0.4431072388941638	0.5716147274676955	1
0.9148362883150848	0.5509565174624567	0.15334966451522547	0.7881044784478168	1
0.8339614349007678	0.1659742120934259	0.28562646359075716	0.19691912395460753	1
0.458038882469628	0.4566785119755401	0.29492355778961366	0.2194679240169889	1
0.0896128194200404	0.056724141181129784	0.8737073702711248	0.3435750339004292	1
0.2134635376139804	0.27855394633912	0.3075663382485645	0.11657000952104046	1
0.11031307468513474	0.9645906986803635	0.015135364397097284	0.4560789709788531	1
0.33658844240319963	0.35292380661967915	0.31621902450241723	0.8214970916754154	1
0.15181670397846325	0.5380971180142755	0.0382042767769567	0.7967090940169813	1
0.3259925191178449	0.5899823033019724	0.7494875637017154	0.6118321847527025	1
0.18651775095033352	0.9459529465743276	0.8181639845690193	0.3750372902008775	1
0.07257931244006355	0.9703609458956316	0.799436931063306	0.6215623745054737	1
0.7042921880559162	0.505609626268374	0.7752480903060204	0.7525872820668681	1
0.49582829867628553	0.8849817248212248	0.3861336811914372	0.005443066935514662	1
0.30632128678230375	0.7540935363856284	0.7506914637957569	0.37516356350318125	1
0.6102058861585496	0.5630550576028964	0.9824229687764717	0.6042248384288063	1
0.3029230992260795	0.7017767429083549	0.4521399149777844	0.9656385854043531	1
0.1807127501027187	0.6739582243129636	0.6929290037436793	0.3655801686100081	1
0.764405601843425	0.19727434121056753	0.40668746297736125	0.8729742030908115	1
0.3860398370955467	0.8027239881099771	0.2451334707367756	0.9857492495745425	1
0.28785587140096003	0.20835451071254596	0.12074766097297729	0.7955464305691466	1
0.021697679692387117	0.015901868933781982	0.3267540348679754	0.6958875749745947	1
0.581577888107997	0.20907636269076046	0.7336969348700411	0.891142967070454	1
0.13569664522793545	0.4681366383078803	0.7205000996918826	0.8149690866218368	1
0.4279436068797957	0.9680552879983237	0.2028484009411422	0.3529037845629365	1
0.4780676087179364	0.3238819886321941	0.13077228760297022	0.7808237600666786	1
0.6221331193468204	0.35252100012360765	0.14605387543155346	0.4749658081689898	1
0.7746122266163425	0.04113298557460332	0.1616566712764631	0.5241007200316049	1
0.8232967826717039	0.7254538742848707	0.8947234605240827	0.7115035468113496	1
0.11007919312990211	0.11098599183364433	0.2231550530711428	0.5427943512794392	1
0.06713403179984123	0.49982846283032145	0.5633174060158359	0.15291177993613136	1
0.647769437583343	0.4113501408431428	0.9739364974646448	0.5229855061575788	1
0.1816895286884752	0.7231438575410347	0.25451644314018107	0.09526012363932201	1
0.543744541706619	0.9514094980975965	0.5915139454009184	0.32990594733666767	1
0.8890608816461729	0.7972550227902697	0.1817939323081451	0.9360325491499479	1
0.9225722875188334	0.8545722575902605	0.006861639378554774	0.7994296448578745	1
0.01056820658896851	0.23999222824870248	0.6073068611853834	0.377412521760253	1
0.3495080122231381	0.5006724727495445	0.530229761930737	0.3321977164028046	1
0.8704518207864883	0.9523759727868203	0.8802549705781688	0.8226643085240963	1
0.3326596019824619	0.6390104132873037	0.8330658451756486	0.4842052740036449	1
0.5009282869627381	0.4215210529457585	0.45646072640438407	0.6921992754453028	1
0.39598315468441336	0.07604443691632234	0.5718540404568138	0.3163740566561597	1
0.512558344548432	0.3128971937864047	0.971667488882858	0.8683058241339158	1
0.28503747795301815	0.7268449225934784	0.18304172105480132	0.7670523816280906	1
0.9186210222706531	0.4150481329020558	0.23335979120971806	0.04367070363807768	1
0.47266163990442667	0.5481173883593813	0.19777431686518876	0.6908015747411121	1
0.3992973376781014	0.4508780898091138	0.5029350756897325	0.4519528624964685	1
0.9173585080006544	0.9327430413434363	0.18307741651687348	0.40398340640202113	1
0.7056228534414974	0.43940585838096113	0.5764525293233544	0.9493242963953533	1
0.06981234484384546	0.9491440467081178	0.6613257990712765	0.9280897832310281	1
0.8862646574937952	0.9936225955057764	0.7356706438192536	0.7181180258083445	1
0.5533973877960662	0.4604454278135266	0.5664223710900161	0.22210580043029438	1
0.3539378879044255	0.4365129253073553	0.2991706055021601	0.7703378396112169	1
0.7546094224326445	0.7335866041069244	0.5684718053433457	0.10162322394992829	1
0.11516652882959943	0.3854714826294151	0.6335985284315961	0.1983640683464808	1
0.23349035557273	0.2659137736145698	0.5895746524790578	0.444053233522982	1
0.8411305318587419	0.20339076904333742	0.6453244514771889	0.13895981758420717	1
0.0555544606613646	0.029837425690697916	0.6431812879239754	0.4636160018748552	1
0.8690930115323205	0.7466352223957841	0.0923160500506256	0.7075800526858131	1
0.1751928379947073	0.5476109127046863	0.2649631720036496	0.03582827901009866	1
0.6588489506253333	0.5025066134325299	0.6686495562934568	0.794597671212523	1
0.6144630282963144	0.615906809245604	0.4662106373261502	0.30833061148422547	1
0.21292059370961613	0.843272663374396	0.25713467670598655	0.13968520782974092	1
0.591554163256103	0.5707244253198295	0.11353479165597602	0.7895090900996932	1
0.9391676342885769	0.18206622611089351	0.2615938451625405	0.15684956220155677	1
0.01217015320558601	0.3547689147290479	0.33117203475642165	0.9081865013438154	1
0.27829595013969943	0.944803847301373	0.6345335333123314	0.6990552300002044	1
0.7130016984297046	0.35512957639219966	0.9643864973939467	0.7517373242926918	1
0.3181419388431329	0.1994699011569826	0.5553703589089403	0.07794286957559837	1
0.9449032173761662	0.03370503894923216	0.3620661084061795	0.4983702489453036	1
0.9457063307362519	0.8161071164384933	0.8850228202990423	0.9955768578561024	1
0.5829871087602854	0.2844855246362378	0.5604720781642307	0.48984186069705404	1
0.37281667452022094	0.5289982326062348	0.9887231110379195	0.0373436206400376	1
0.45955711478543004	0.6513069871034758	0.04028322104141113	0.2593798480673113	1
0.7581636977198366	0.6846833563239783	0.4166436542700518	0.11427849369051202	1
0.0333317616571982	0.09451768111798542	0.6934103336558045	0.02431853470975265	1
0.38582664167129466	0.648551502528448	0.3288455818957674	0.27158473595331156	1
0.984583144350417	0.27860357572103356	0.5721399077003381	0.3897071845926776	1
0.0295488140660789	0.728234811813887	0.6212281724648263	0.352928258040083	1
0.062414593031013155	0.7374991531531525	0.9547799734268536	0.6083303643040053	1
0.2647691687591923	0.32265839890030745	0.39786078537983405	0.42370683489799166	1
0.8628352929357073	0.613860085938955	0.5722354385098164	0.2640970233660396	1
0.5861519592678515	0.26458260975396186	0.2919615975876595	0.7679429584274031	1
0.476023516681611	0.6322314315891164	0.612943486989188	0.6145130509533137	1
0.8421977789988385	0.30081307270109203	0.39787284581019544	0.22126436914862802	1
0.050925595176675276	0.14769007376996945	0.9266667279587857	0.08557153410391372	1
0.4238054397953728	0.20446534586189946	0.9277813886947895	0.19803230912235048	1
0.29119561192393817	0.9946148829256577	0.06733168676232593	0.23954685581137258	1
0.05832348651457242	0.05358704327487129	0.06975883855166987	0.19149195356083726	1
0.3282503444397217	0.2081115893280865	0.9364586125492316	0.5275145895293912	1
0.10771506681786103	0.953640739371664	0.8947550287588524	0.5224534356952719	1
0.22273567609129918	0.6434973908960272	0.6570461736720694	0.09490972203384485	1
0.610597742846101	0.4527715459092724	0.29675951198586725	0.032426034639300716	1
0.994058986696574	0.6901665341599911	0.32118311576326897	0.06975196321713673	1
0.9683722330131876	0.7995458550536447	0.5506706426502674	0.9699253702793023	1
0.970850995614482	0.7386703901612097	0.9315921573178539	0.347142784891189	1
0.06825756664597271	0.09913714188897138	0.351235464527187	0.8406268852108196	1
0.12123918642647302	0.7243853912153873	0.7223035916931714	0.2562694772876527	1
0.37260747519819437	0.10790311129545749	0.4289002288356515	0.8266165943378636	1
0.09855896953729992	0.9128477962194187	0.9161937033983512	0.3433838554108447	1
0.9368663049590893	0.17677163145654706	0.8005326260783043	0.39616732289882073	1
0.13796859209025203	0.8170915762591563	0.020743356891960385	0.32401808945761157	1
0.5964681215279944	0.1308380698928009	0.1803548140025778	0.7620187684686848	1
0.03379594201477487	0.4667044054723387	0.41196197531020395	0.6981750672798935	1
0.3774813235556306	0.8171186534582027	0.42560224626242427	0.7655748387410589	1
0.6589019118438005	0.6266306315210848	0.4880349633639042	0.03940038264798129	1
0.21610872133110648	0.648655962926652	0.5433985110541267	0.2205418964950152	1
0.533679893351054	0.6095415757444047	0.7070258751296903	0.7803016967074128	1
0.0011379582607551342	0.2544837429357948	0.7642181891025136	0.5045888355391829	1
0.518884480868936	0.5526379939943002	0.4737295055803513	0.3702980644178795	1
0.2525032661284682	0.8690523050891136	0.8553791766907173	0.6341772575234109	1
0.2820633415871623	0.6189387492210222	0.3450640881943555	0.6994628820433375	1
0.2849707029772719	0.8903006335793204	0.931987429231891	0.3432004194648074	1
0.5900027721398169	0.8277376122234505	0.12677822677066974	0.040451191185949864	1
0.7385607909220198	0.4200688999864097	0.8432098341772892	0.40614613145974765	1
0.18872484034907477	0.06314253430362848	0.8593950773338432	0.14118718798100038	1
0.7219554182635046	0.8520128156503183	0.5429875816953184	0.28981511158515205	1
0.2554399145658801	0.6225456515108007	0.6271237826916021	0.8373283233451786	1
0.4567535711384272	0.14664251112740578	0.9322617833548085	0.21258121883140224	1
0.12408296016666642	0.672518998973263	0.570123815872357	0.8880385500057519	1
0.8968199423179113	0.1805288848458375	0.25864825279331594	0.07107594122823391	1
0.4939967733935585	0.379597206350035	0.39205541097156493	0.008309802333269278	1
0.17582283956450073	0.13237796704782434	0.154585978736147	0.5856139448598026	1
0.5000230538965682	0.20305588935094687	0.6983061806535087	0.287023749990753	1
0.19550993943354045	0.1125276831608586	0.5505817585819219	0.8808896496465065	1
0.30186710663311056	0.41910279121626437	0.22327174599238564	0.788047245477357	1
0.1433775646948453	0.5688827227722975	0.1957952674539476	0.3629470439794372	1
0.5834815877814317	0.8061335288059727	0.46300069066912697	0.9458622830023148	1
0.5585957999694423	0.8860097646533853	0.6571442513272233	0.4599608817552949	1
0.7841413881831008	0.28353541515945857	0.32422061790950607	0.37493129222145516	1
0.3442838398361614	0.7764329769015335	0.32766260826987226	0.6920912759451979	1
0.863751899465559	0.5988463978574978	0.22629131368263145	0.6357242040399185	1
0.12468387685849236	0.58579920776739	0.06637310328546986	0.03824945830954041	1
0.2638973473840881	0.557151130030825	0.07868514741389532	0.5728501793173512	1
0.545451016156234	0.5115979643685827	0.5890109609089139	0.28827113036454344	1
0.01586637242050859	0.2140727498117927	0.9881653010198519	0.9130119615400061	1
0.6405661801236274	0.7474822193818894	0.506748898001151	0.5437153095353788	1
0.9041953340955293	0.2215250413859262	0.8667812522037878	0.02970724835890748	1
0.9115077105330353	0.6604036014970158	0.32569999226895285	0.05201170280176215	1
0.7128585262953584	0.22835507548814216	0.35012083815571315	0.7446683808589879	1
0.7706802785439552	0.49460214042355777	0.9971190889554186	0.5830888468593199	1
0.5823211036997692	0.23211766679611112	0.45559872570449356	0.29626539722812606	1
0.6446148247582612	0.550688684759289	0.10476393965237918	0.05564056218103952	1
0.9847827947432244	0.8602886306299481	0.4215629742644501	0.49026386769617925	1
0.5354646482809222	0.43913674322003016	0.9059442714831473	0.8646559257894401	1
0.19543840532414225	0.748007391833426	0.2040251003700525	0.2902611174155941	1
0.8862612112010243	0.5565332620900394	0.4158393367131694	0.86898783178707	1
0.25840264409941616	0.8621021909270339	0.852168687002742	0.6805897642888994	1
0.20459968917236404	0.48487828227144425	0.825536166975735	0.6510946215435457	1
0.8069373975382076	0.5527771007983399	0.09566405029504266	0.3668166319370926	1
0.9252046807428118	0.5857833284762836	0.1086660356723953	0.16887952055076827	1
0.37924598362618755	0.04141380871775413	0.6673585291749752	0.521984026438056	1
0.32615091257325224	0.34303669715734086	0.4686516677078535	0.30623832749663515	1
0.2878117291165263	0.6140611545446938	0.753763504312434	0.4664005470380531	1
0.7999006340943263	0.3123868190680896	0.2314769702586309	0.903515680900942	1
0.9184849380629195	0.9538747470498643	0.691576609226344	0.23262963139162363	1
0.43701072795375884	0.6462413033994483	0.07544082415942621	0.22370351540897981	1
0.6166397499179288	0.6174758342404064	0.3913918242709674	0.38637506077927264	1
0.5868625565405988	0.5775314481924074	0.5426039800243256	0.06812271497561107	1
0.5774222398371484	0.5276937429777718	0.13418810409602477	0.3483976528793551	1
0.24417203124053588	0.7744115835761348	0.0817923742943708	0.20860502666019742	1
0.8542618830338725	0.26436535187832333	0.894510101307331	0.5903678395283938	1
0.32869855541660586	0.5709126685517354	0.6998258361704637	0.26928247482715517	1
0.475856888278009	0.592904073717635	0.5968446162025259	0.8601215094762844	1
0.9275663106080254	0.0053980413190561904	0.18389166362469822	0.9943545740527797	1
0.38110335837949205	0.602192363720334	0.01968092486564832	0.12869902967896396	1
0.998126605264728	0.7418002280556931	0.5773027612499376	0.8084479553896613	1
0.12371501971499332	0.46856064244256435	0.10441617903034783	0.722994933537343	1
0.4073449673923104	0.3280847442616228	0.2816628028401895	0.0019849593262685206	1
0.24470039602910987	0.06489649394765129	0.3925008007741957	0.9724574504020058	1
0.5456158720042659	0.4660319407050969	0.0366094942787234	0.6833648022177591	1
0.9304761388617045	0.9585161691337316	0.1650944045828755	0.522217190102051	1
0.2516067461489152	0.5606890672439769	0.7007856197772622	0.38805441077710334	1
0.7710724391916082	0.654359288027	0.8565667287744111	0.818626938790132	1
0.37102972043600957	0.42311047030626325	0.39683352266000105	0.7238384439682798	1
0.417694308629152	0.9660016601378323	0.8672143364692774	0.48918425871852256	1
0.5800802772619145	0.04096029995719919	0.05013807668439463	0.7487615201905281	1
0.6933366478102876	0.7360533748865603	0.32171138575941405	0.29453836117592647	1
0.012533661883454839	0.4583687334312655	0.10093887610493635	0.2728720173052951	1
0.9588927130430827	0.0026032323186321316	0.660484040762105	0.3995129416168901	1
0.8885880676112475	0.2662785400598787	0.27171884834964855	0.11365053614269194	1
0.5212826582136952	0.8665716258394915	0.4441468171959163	0.8898105047075142	1
0.738775096465635	0.7959097394171232	0.5282978847356306	0.5090147251663756	1
0.31733310466485365	0.8135441635151668	0.12017404361579131	0.32251891220740203	1
0.2656261562806662	0.5503792509314313	0.6676024249829107	0.694149373758287	1
0.6746596609493783	0.7409700689656347	0.5224076931376429	0.8425147731393627	1
0.9868275030593138	0.9933441933381644	0.6172305644531139	0.5108795550393821	1
0.5800795803750944	0.3925114209488657	0.7925823086779438	0.38299202039640634	1
0.44794936334610524	0.7170231992610032	0.27182932934952675	0.4505424561609287	1
0.5673585128537693	0.6213541487001624	0.2397337807612807	0.6199663353529558	1
0.8465117292185932	0.44463854867983665	0.3853613414266369	0.9799523918189695	1
0.542820476208933	0.4892011053470977	0.87449040012285	0.2993552079527688	1
0.06074692697528894	0.4693086555579852	0.9762580716168656	0.7868845736958922	1
0.7677040724988411	0.6009322445046392	0.22263886180935988	0.9526683473849611	1
0.7420536807719688	0.5029559842282455	0.11727109473425024	0.3755534288679876	1
0.3925863408481668	0.7791073383465078	0.5415495307062127	0.6075823704730348	1
0.05984429561314275	0.32326440510175203	0.8826088613087298	0.3892653835767794	1
0.19725351450900774	0.010344520206161278	0.37916540050210723	0.33752280010690194	1
0.335833703696925	0.9172794500815066	0.6428082732415191	0.6387347024129408	1
0.012497089863304445	0.7234448160731926	0.3079977281160483	0.23560440538919092	1
0.3363302532168707	0.08017895475566628	0.0800647558965677	0.26961040889690435	1
0.9175931793741028	0.06771060443702093	0.1047335349560814	0.10475541233323493	1
0.01306997321816794	0.32433020828672077	0.33272510822357604	0.42265534008599615	1
0.5132818108650974	0.20488441222014753	0.6445747436516126	0.09483620819597627	1
0.07640276777542943	0.3841066661795274	0.7460042712282862	0.19470891713220184	1
0.20548308158129958	0.4577095997894345	0.057948060908816434	0.9671656485538542	1
0.43647602784964035	0.332527558459503	0.34539884019797296	0.4828561201152711	1
0.030865177871373328	0.4937500980470436	0.3651478906555259	0.5363264442595298	1
0.43684194281142685	0.5208118936381521	0.9426828352110148	0.9499209978867668	1
0.9224672269003991	0.3328039934471577	0.45319439224324576	0.8189451241638523	1
0.7908342888384622	0.6461952096461511	0.8146134681600683	0.35336037072645854	1
0.17870607012822548	0.048143788543342114	0.09414595596118669	0.4796234378082752	1
0.6350030876379202	0.5177490488700166	0.7424597593389841	0.8372112357022176	1
0.09910555669851451	0.6638080018875151	0.46135894484562723	0.7495644404405659	1
0.8767291816265876	0.14396585961494535	0.8271702804359213	0.35357700052229546	1
0.868236693335682	0.6475917150543173	0.5126344180163593	0.4388014221478441	1
0.00680324219746431	0.8656054993318768	0.3224137866544641	0.327311474524172	1
0.5198646580896238	0.6476263895155759	0.9305470415309536	0.9526965484416253	1
0.31158498701061843	0.023404329714625027	0.06468012181192007	0.10270889171152853	1
0.65681020886834	0.07239149649846233	0.5317438666045765	0.5193845531733688	1
0.5486803001921646	0.039250313283410665	0.8013306808623728	0.8743119250903845	1
0.28652266026181594	0.03430350139452398	0.8902337700278959	0.6299866514337968	1
0.9261576488094729	0.5249198093692028	0.9624946935919111	0.23402925978655842	1
0.4842147854183384	0.09994987887628848	0.7002139378782222	0.7660333272183515	1
0.9370064049938738	0.3295735102600451	0.12844578652969052	0.22572115238496737	1
0.7559610712773457	0.6031044377819524	0.8119679797171242	0.03770353562780315	1
0.6529894347570717	0.7180568274161374	0.9228683226732788	0.8533356767468802	1
0.6093781673028277	0.38169486276969433	0.35385664511779125	0.6641466810245376	1
0.5997783402306368	0.29561923993155204	0.9232686533154325	0.9534420018894327	1
0.436828731478074	0.2372045044880473	0.16201284866414356	0.60544607618049	1
0.04666282391412768	0.20933293794219043	0.6339070556946526	0.245211481826358	1
0.35632213143123714	0.9301098881761912	0.8822912901140534	0.8835654194361853	1
0.16035135745942342	0.79776641500436	0.9967438392513314	0.12114790408860432	1
0.22050853928062952	0.2564627342261292	0.07377224664482296	0.13289321219265415	1
0.2662165231135144	0.5816035508193944	0.3933219529576917	0.15297511217094473	1
0.08513573814264686	0.6972226918316633	0.8507348577631663	0.7590365842111586	1
0.6859549090948408	0.1823570253521264	0.34175277400939474	0.6643463620989921	1
0.5501137012375752	0.2268855060091982	0.10754959454853774	0.90624217417219	1
0.9031824088666048	0.7548976808643858	0.9618202010247585	0.7631633500908385	1
0.42964964551643636	0.285595720982062	0.8938475196108133	0.7822450309379642	1
0.5446877417112191	0.5581646770116462	0.17085099882808807	0.6713538264876913	1
0.21766121944318795	0.6747878366099557	0.3714685229153917	0.4682695024381055	1
0.20393752301393253	0.8756274987075277	0.8169706136812339	0.924910550248546	1
0.6047116613074442	0.8240402041525697	0.6882177142457057	0.5589370682913483	1
0.05214434994286399	0.7476376845665709	0.8481267480947857	0.06630157184295415	1
0.3114811353050584	0.9289006037875077	0.04824626412066968	0.9943130583470191	1
0.9628093783867002	0.10221321192751776	0.11567741237334384	0.9749561908729002	1
0.05330108450734905	0.12683265660321497	0.6619944350363853	0.8108841494938104	1
0.6612329012015213	0.1229885337191734	0.17398646120891648	0.12496457196727251	1
0.4587406706140946	0.18224585658545966	0.07324787117800335	0.7064085833007586	1
0.89621150516098	0.4278920661907647	0.9113316037147922	0.7543762438419359	1
0.039499772646351294	0.4602348780042371	0.7893839498416751	0.15243599611761605	1
0.23647515929262475	0.688976071062694	0.5534230555469462	0.8565571483208484	1
0.39311436603206085	0.9823003138815105	0.7098496615207056	0.5795231974584751	1
0.7297567926619837	0.4003555129102775	0.4841640406976213	0.5498489247697822	1
0.8552493479271296	0.8971606929140404	0.7664802723227009	0.3356104822211685	1
0.04934424500363166	0.45410694294745546	0.6833415214707826	0.2909798610059898	1
0.200995138590234	0.044133377752915814	0.5817680611299727	0.8093873576760182	1
0.9180695376136486	0.2846677720402071	0.16858749699898523	0.004799820785870712	1
0.881767265325784	0.138579546368646	0.13637063134526917	0.0310227156669185	1
0.011780060594848818	0.319610618606631	0.3660759592060696	0.9351517054213329	1
0.7703696533133035	0.6164151386443558	0.5069633371378759	0.19999185000343567	1
0.6736185758104044	0.14453421123698507	0.4891333162604924	0.4844485299446458	1
0.7165409939057219	0.2443165345166226	0.603018442767787	0.5219850505340015	1
0.7713571657500514	0.6504216621876	0.11174293680171021	0.7415699105374155	1
0.060478418420471636	0.48225034615991536	0.3992587745437791	0.8802048579993728	1
0.7781593894335231	0.9292493808121322	0.7084860056191584	0.05806149865100829	1
0.8156430576801295	0.4675951183335424	0.059995850950976926	0.387048963562035	1
0.685384401215239	0.6214077920809044	0.8702773972905624	0.76236245101376	1
0.27058087453226876	0.37027946322031824	0.29114993548491896	0.16871163316315618	1
0.09759744025994455	0.018830599010635996	0.289314117356113	0.41972714105770326	1
0.9419377109510896	0.2342920745490984	0.07603036741841829	0.20114932651106365	1
0.6713694292841529	0.1680475256631231	0.8025680656519641	0.16784558992431864	1
0.29123976924276773	0.5042304845026792	0.9365213982790589	0.6506767494470483	1
0.40112555921034476	0.4681319793566393	0.7170506809211261	0.4772020910643836	1
0.34804194704719016	0.018883392289544165	0.5616561390768847	0.7825537267202375	1
0.36652670699345224	0.09693568340482839	0.8588454844667536	0.21744887343857688	1
0.9683530286864527	0.16954254327834772	0.7035938194834999	0.7816068324542903	1
0.5681507399674619	0.6524101952197732	0.47388674808962916	0.6519348698421117	1
0.8594614413989963	0.8979715093069286	0.3049602802671726	0.7141882368284681	1
0.584443573910394	0.7389675589685522	0.7362622237131343	0.3170775830575454	1
0.6848016732810728	0.7472478877892681	0.47562004199809726	0.8653343454216307	1
0.29058431552017694	0.908481121680348	0.4212794970532827	0.6953230387291636	1
0.1667375559179185	0.4283490515674736	0.13960610140490226	0.7478534313601993	1
0.7667639891459996	0.17094114077752287	0.0167052582062005	0.23595979944260792	1
0.1384926751989416	0.4335547067234703	0.18799703021010905	0.0509128780451481	1
0.7233499677957892	0.3664273524317099	0.2938337735972305	0.6814090272699334	1
0.16085006200854834	0.43328299138887105	0.1418452115349954	0.41222817430931524	1
0.5341991838140877	0.5531026159239437	0.7186281348186296	0.02783681018682993	1
0.5691693274341405	0.044776443314725745	0.006229926989445356	0.3256944113726783	1
0.6040151984447072	0.7406825234197886	0.22176369131666018	0.34647836141598176	1
0.47663709975801094	0.004986203247634435	0.9839356670617317	0.6003297860191811	1
0.6954688212246274	0.2945805932216221	0.43538584184939433	0.7919243911137949	1
0.9887469119002857	0.2851631592107372	0.13263750288392484	0.49035451223944415	1
0.39785081036878833	0.34371047781340425	0.40614242748179474	0.12526320248842682	1
0.33628197616274313	0.6696828360105483	0.7275754100119968	0.2846661241450196	1
0.01858290272000973	0.4380398042847158	0.6626197875412304	0.8811965095018864	1
0.8437553663691512	0.17067020031846603	0.2767915618242247	0.6863423922658689	1
0.4278264665263609	0.4088287905832393	0.91784372070466	0.529327088225677	1
0.47054974123656523	0.695945885636527	0.371538984727668	0.31662581729006145	1
0.7847750717475047	0.05033640859718713	0.8402433349590246	0.6052299416181458	1
0.029342414419752494	0.8323451499482739	0.407743005847626	0.06493745388563965	1
0.5103254185812871	0.8942770211969853	0.896480337834606	0.738317875199102	1
0.6102762342516999	0.6238317558713043	0.34605779702420403	0.10175871517143531	1
0.6377791722542477	0.22312552617174808	0.5351545455288108	0.709516571394023	1
0.6931182768166324	0.8957594768221901	0.3611145265537734	0.8512928701224312	1
0.2710080591169972	0.06921326413715512	0.16433843907987167	0.30215633501445127	1
0.23260202159789733	0.4061496637665256	0.5080670454461832	0.36353023716988286	1
0.5485046306502079	0.790129449677887	0.2487503027102268	0.04253107503946807	1
0.4179931072290701	0.06551088421947171	0.3547009899745137	0.5969126371617	1
0.5283682331427393	0.8247262689652624	0.036284034538770604	0.1951286073163776	1
0.6123955622484983	0.2671657962671733	0.5282805906932444	0.4456051355055626	1
0.8089794069017612	0.40778631595537307	0.7265229726677579	0.8374604555942256	1
0.5556822084411321	0.5372053218796485	0.3810050297982758	0.9691178919066487	1
0.9908619652387691	0.490449738062401	0.7773776601889796	0.816290342098656	1
0.08535249006171064	0.7555885184871545	0.1316938936772949	0.6798768439397422	1
0.6692045608539983	0.20281383145129184	0.7398859022094803	0.9425415941496664	1
0.7758862369265157	0.4737679612563055	0.5767388908410754	0.5657400973967042	1
0.20632999182110057	0.3598624254288916	0.7210011321238434	0.2973413592648233	1
0.8648390826242096	0.7363544811788835	0.18304427973696835	0.5255126248323131	1
0.6236297044516249	0.1455986606038926	0.6842192878386075	0.7001204061737519	1
0.735088806033168	0.641389346409144	0.34971601416530096	0.021934578721474085	1
0.2567485659476103	0.2207645968452726	0.2750428120591256	0.014445216139662431	1
0.6680546447987852	0.964025236683859	0.6827207618140031	0.41342831656111156	1
0.8650135035192372	0.5202799281821515	0.053183839416869993	0.4367865516131384	1
0.9145858670669881	0.9876458316519061	0.23157040903841863	0.12139296648870057	1
0.8471488249650517	0.9711761923598353	0.7072340835378701	0.04612545907913146	1
0.5367393616898855	0.6054121270870105	0.37545886285359564	0.5585007105556269	1
0.39926732105381724	0.9055554891030552	0.0009252457906490097	0.2979934024397304	1
0.9936981520557743	0.30898303809677174	0.7400851430920441	0.043273137152721186	1
0.9693034660561051	0.14372234795217187	0.9570521442414893	0.014931470768958621	1
0.11835292638539052	0.3516979682352944	0.95866871402424	0.5597136177972724	1
0.7972768425947091	0.05750541132569542	0.5440945156191166	0.5186728684024632	1
0.9644708901549595	0.5611891994123784	0.7250129440873008	0.9593138279629864	1
0.35311859158998127	0.8999971017137615	0.4746333332847412	0.7780394617078797	1
0.5083040818864368	0.30350239180571903	0.4440891427253123	0.8740978828982194	1
0.9734740483515619	0.9484081587473381	0.9174379383274749	0.5120050487301152	1
0.9778788648051915	0.5081186368271098	0.2752865616408413	0.5281023770549519	1
0.3142859305470648	0.6414476576170355	0.5742972299705407	0.8277062685748767	1
0.9850837390740321	0.5489816122315296	0.43143097948644726	0.3396888593135642	1
0.5799230829073403	0.0797840165182796	0.9194994640829776	0.7249969751671211	1
0.42856234959325856	0.3951537271761715	0.8584273175108345	0.44148315572085195	1
0.592804957603197	0.7787660774807148	0.9094109230482772	0.9419818299331073	1
0.6659355262095713	0.31846649747701916	0.020610698809723993	0.8776217424337874	1
0.6559253555515646	0.5060442921472933	0.9328594254137669	0.19697925243468772	1
0.19244202366991614	0.06491434133161877	0.47795290950916214	0.08876730988602133	1
0.15930518877853173	0.7829966648939632	0.020833657938858274	0.8558193479919066	1
0.5709284931429681	0.25816937288568	0.7481206427665456	0.13810820940522994	1
0.5654365955520162	0.05420627484716645	0.9700171023874046	0.017577901399362883	1
0.9081056393647119	0.6997974268392246	0.5499025400262759	0.6634766717067915	1
0.25358207479824235	0.49022988317664484	0.41695181034038753	0.38869562517871514	1
0.43773482823367316	0.2204797000519244	0.057823450005776045	0.40625211987388454	1
0.08551419070457444	0.23843997168548392	0.5809392415687819	0.7616481028934657	1
0.3556445122593712	0.49970086470253816	0.17575149113301658	0.04624958489435982	1
0.713517092245016	0.8810689498789765	0.7156553155150266	0.604364577544457	1
0.4059077246663011	0.20753845990424935	0.45578605983361387	0.16449884684434524	1
0.3961878252147695	0.42350589558736207	0.444905913629727	0.18831026718618304	1
0.19977199115963162	0.1785491644967534	0.542325542632884	0.9866503845221758	1
0.6451102914451214	0.5403201978146172	0.7802354190642171	0.8633186248387634	1
0.34672659937561445	0.10433201276758253	0.9380666849036349	0.8501726563419647	1
0.17971022335740694	0.04229618782102906	0.12103311188649613	0.34372618753046436	1
0.08865805059760468	0.646158827703349	0.08031073685813162	0.22933970842084828	1
0.026608939314663793	0.5111415663108473	0.20713635093280391	0.1944688076596336	1
0.8374060086064831	0.9726043351936712	0.7058647635830687	0.7954849519630108	1
0.5710701934088543	0.5394509016377648	0.19235699874558543	0.9171143931760553	1
0.2752641066743319	0.46588996737393695	0.5809276007020961	0.6152419876496519	1
0.8426958532864539	0.3621705121416352	0.4913780181695261	0.4861051213800691	1
0.8720751350001593	0.5459862785232127	0.8164515393425913	0.6817347546504319	1
0.10588033205540237	0.8872344646682988	0.11722140964836414	0.6018838825035285	1
0.9439610776001763	0.5214370598710968	0.03461334225130963	0.5301679322459487	1
0.6412533763353528	0.8876685415376706	0.030253316503589867	0.29264936576834577	1
0.07767676278948832	0.32511046721956194	0.49911801058326566	0.7391827826891244	1
0.03168451621149104	0.4637173674028675	0.2893670802313997	0.009156231956394478	1
0.9786176328755202	0.9535316534437599	0.41104758732027924	0.18397330543066603	1
0.3427174091647357	0.6593686912881296	0.5451793738550693	0.4413652653448946	1
0.838756823686688	0.9106574343500562	0.6704121802458862	0.4015705319486502	1
0.5562437114498272	0.24815578756778467	0.7830158747351239	0.42901793528115084	1
0.9254149159821227	0.08781258597360309	0.35938453653080427	0.2286022200467127	1
0.8196830950790523	0.38006917424270215	0.6657335506309271	0.8833774629283426	1
0.18441349343565427	0.14550342847014375	0.20875928787983977	0.151091962845591	1
0.7953049310075204	0.413572512241284	0.2758299933713755	0.16435814440020402	1
0.6718520130500609	0.9165286588537326	0.825687426228047	0.8115635615085749	1
0.757642987376532	0.22478628986043847	0.9616332118268414	0.04861469718612499	1
0.351438615870276	0.2843256594026372	0.2379901803129837	0.463017316101371	1
0.7979177587304325	0.7783907594696065	0.06263334600426429	0.7990550465807333	1
0.5499065074961331	0.15084568147936273	0.5680805910346867	0.9052803836146159	1
0.08363410771629187	0.8834081653372234	0.8788123912827079	0.08051763640145049	1
0.13421065400806798	0.5091432649501206	0.952477291565667	0.7051831743178048	1
0.7632281556871933	0.7722989377483321	0.34398062382408734	0.4464179899312921	1
0.06752771414257508	0.7158034014700825	0.5423317136149556	0.040997085143152256	1
0.5780328342203414	0.3821858127323903	0.9964548634584498	0.9766168645998918	1
0.7849292201699376	0.09384562892625514	0.3282068975764093	0.94734669025727	1
0.4380491780128176	0.2060956848587564	0.7910366569981018	0.37766218185675793	1
0.4506802477210057	0.7246876259387702	0.6527601914112765	0.05134984065156112	1
0.7920056396793178	0.19907287777539973	0.5514407369386031	0.368020845735736	1
0.8587847081004378	0.9548485081432438	0.04862131289562144	0.04551735407987045	1
0.8015295577582132	0.4989324565353733	0.4558135243305368	0.28138939926962103	1
0.09870031688360603	0.7065618806383365	0.3176561192123857	0.9322123836398709	1
0.006374520294411323	0.7173986895273198	0.4348533120016701	0.9484485576944743	1
0.8642668187073427	0.16117829894587088	0.4006927145493564	0.9862201446516037	1
0.17478048128918489	0.3219874918160134	0.025103064486171278	0.25158791188319274	1
0.9434303407867738	0.369727790197918	0.729640711803969	0.7347525729514843	1
0.06547890522199296	0.29316846375440275	0.30247352227513147	0.6224416323492031	1
0.1546984084199099	0.047937648467202276	0.8428903020140945	0.5083354920852474	1
0.980645245264834	0.7001013998657317	0.8252813052486334	0.3440593297156237	1
0.6514373099164373	0.607578370576856	0.3859297030815064	0.8222129667465276	1
0.31937750108004004	0.9429447825936927	0.8909044335087396	0.019605930500592894	1
0.5499549043840596	0.06782848760798577	0.7234071298349523	0.3007211530018208	1
0.10852689395573223	0.9946331072665134	0.7239119009806146	0.1896718693163869	1
0.73146550107585	0.6557137182686821	0.6124479276285635	0.9855367752740197	1
0.9939303416443719	0.8075387550417615	0.6078112237337636	0.20780695847016895	1
0.8477901263591557	0.5672327210792795	0.19444800965842235	0.15879016566228876	1
0.47817343560141823	0.8042822681055801	0.957753979733866	0.7513552286539287	1
0.9305023415015166	0.23768201558932456	0.27087020881880475	0.5246290320541986	1
0.8917901290604674	0.968343956956006	0.2508141360106333	0.2523802654962022	1
0.585566246827905	0.05927778072642309	0.8125294737152936	0.40398288701843255	1
0.29477100051110783	0.3643538421990501	0.014091728531477665	0.4778426052466106	1
0.5421418618930691	0.3177345472849574	0.07400269352595956	0.10090345513985788	1
0.624847413016952	0.21241603478327264	0.6048819112476588	0.1261363899068938	1
0.9186784748271843	0.0027445211764454136	0.4232210072501761	0.3652712970529891	1
0.27847744814921227	0.6980184303899807	0.5878588142283139	0.7733520479950469	1
0.21475253382793447	0.8789589325443141	0.29820316221065657	0.3037550781376386	1
0.40651679824349085	0.0752259055818073	0.044056234533897176	0.009032576078902954	1
0.4015088073213703	0.8060753904750582	0.5044012097035849	0.967058449989217	1
0.6625222271547746	0.34720854494272757	0.7432737438579036	0.9868332692620331	1
0.9163139666765878	0.2154660820673726	0.32995988748685945	0.21016360536411172	1
0.4133125861919561	0.4553394438286408	0.36689940017504197	0.8752662883761463	1
0.7739571748212215	0.36280556944924836	0.8366616685031969	0.552404529910912	1
0.21844201208655312	0.1711072784357015	0.8592179715628832	0.5326565118837221	1
0.1664916974973064	0.9389753675325584	0.6617555031982231	0.18040789643726873	1
0.6211129771290353	0.9323881872829715	0.1279599426190835	0.2866693961142317	1
0.7980035585936164	0.5697801266106763	0.3398792161419334	0.005315516182365698	1
0.9017383984170783	0.9405579381302575	0.8668577105308336	0.6246013325928762	1
0.9603650070182427	0.08853867502067736	0.8133780418027919	0.41888337886932103	1
0.8056206154434647	0.592274211748894	0.2198948476077024	0.854503607928597	1
0.6035119554544963	0.2823868541555852	0.7650662650876092	0.8043997488775453	1
0.11622054326501396	0.6461518145632275	0.39764416252530754	0.43576148459669894	1
0.4165801037279001	0.31412396926636654	0.7018587514194934	0.8603343080660465	1
0.9780573200036075	0.7215102516252165	0.7910364147850021	0.05396820202859143	1
0.2994160980876147	0.07190751794223238	0.5135621855627723	0.7636443730540731	1
0.27827041071427616	0.04863009975318744	0.5369931232890859	0.9044240114425913	1
0.8718946265942011	0.8611651763673809	0.3244549216801178	0.45921084122310885	1
0.3870313182295766	0.0932662600496319	0.0070906646610992	0.3555087807340864	1
0.10243553650375192	0.11877729763060996	0.6484235428612748	0.15391264682365702	1
0.005356983682073713	0.9648063620223184	0.24868180532865403	0.7242863723805701	1
0.5357556889950658	0.7125718285443857	0.045552587417011514	0.24761107571877217	1
0.7367798025232971	0.924209908235951	0.6597484786044545	0.758682534416502	1
0.20670021108282843	0.35902383380393577	0.3561732975296461	0.3257865225501454	1
0.4041826944411685	0.32622395765734147	0.5034396439540301	0.42013577019925064	1
0.9174539251259459	0.9519623230586587	0.6747757589361051	0.16150639716435444	1
0.6423793560681889	0.7025395763450061	0.8091799066849111	0.7034859023550758	1
0.15431123343444475	0.43180244303677484	0.3404762840712703	0.4551140570871577	1
0.24862195427304978	0.7262671872371801	0.40269432610625966	0.052657817142490404	1
0.5394072434802412	0.059652478182316115	0.5000323587225801	0.1519494603067033	1
0.35648765553008255	0.06856006065547471	0.4974618417231763	0.017115573429488773	1
0.7382155340747572	0.6708499493535481	0.873361176740115	0.29049220735926895	1
0.2905177562051775	0.9602121705024552	0.3763605688575332	0.4088296355900205	1
0.6662555827322302	0.7192324124521168	0.025429062835143568	0.7280208843008454	1
0.5812689163979045	0.7077985785743959	0.5120068096633974	0.9242206220343913	1
0.6259649372328768	0.1120568603903569	0.24140312046489854	0.8060785537233739	1
0.5713227918126947	0.8488613268187648	0.4942801569421118	0.098414757521747	1
0.3353222676634201	0.26539579247836975	0.31450170851773884	0.5490820340699217	1
0.15285781651173214	0.5794613803467328	0.9097515456197761	0.6345398697846767	1
0.2201707807042349	0.09996927911108955	0.841712250880733	0.43796380589364836	1
0.8944871477054469	0.3543856212207712	0.4432150410911063	0.9006731392271095	1
0.531590178907932	0.5688666233050917	0.4461862487167192	0.7687649778588898	1
0.5056814853434888	0.8197732126271324	0.8532998198696657	0.6609605844356411	1
0.522106501129271	0.6840757097331741	0.48289689872885677	0.6883905888535117	1
0.8311558686943501	0.14483946327224095	0.6753624013879457	0.02470732325640812	1
0.4886042608008443	0.02960668065299732	0.8783543359020685	0.012829539701603165	1
0.43683533410434316	0.29689839172204924	0.8389634410874462	0.4051707632265137	1
0.846586712316585	0.22183733101558478	0.1904822123555323	0.9196485850247682	1
0.0791739615444409	0.29433317148138627	0.19829175049212822	0.9903596063432989	1
0.860303917627137	0.0404677890520867	0.13455769774871262	0.04579630307606908	1
0.27319108876859355	0.10610470306628572	0.2105249003366214	0.486656136059172	1
0.22447900159702783	0.21901403557810817	0.9845467688307357	0.539274219273439	1
0.413251274529848	0.211382789913503	0.37733295018661783	0.36240762143161265	1
0.1602065984222718	0.02748412337647199	0.5268075208710697	0.21450732504552938	1
0.9221429182866292	0.0571600474105014	0.7753258970930874	0.5881855270399938	1
0.640976110222905	0.9880028305730452	0.38448590458247445	0.01239899041536785	1
0.8384113756085684	0.5120907952692529	0.7297526390197466	0.04480981365202508	1
0.13042925797282134	0.42391877118180465	0.30022267868020713	0.5121151890813704	1
0.47470085775826965	0.5758296933420913	0.8884577260825167	0.7956185909695882	1
0.4114996363718042	0.7024224685891923	0.04399386356533108	0.13983159808748957	1
0.8982653664005074	0.8923053955892356	0.7009226011100692	0.45747772887388816	1
0.17161624593881997	0.24478291054431645	0.7338628809250716	0.8244305152202315	1
0.0815459826104672	0.4730536402198833	0.3510280328304404	0.2932633653237823	1
0.8247042994385733	0.2177032130164296	0.07572698618595453	0.2584778887296575	1
0.6362880098313075	0.44214077616729164	0.8945580112265813	0.15263846219120114	1
0.9962994302806628	0.24683275164592366	0.16938793551263898	0.7045092133675415	1
0.7020792319479388	0.8843928124040421	0.1872256442308814	0.9759010478122545	1
0.44590123576659746	0.07576968576679444	0.9304039865573384	0.4014914598307162	1
0.26938779162572835	0.9032925888483392	0.615012878627048	0.21363080086884234	1
0.4784579224142407	0.971542472907256	0.21833414031518672	0.6573765835715861	1
0.9317663667757242	0.25586850642470915	0.9333616784649241	0.6889768805038434	1
0.21486406704296812	0.5503686289348291	0.10792333197137605	0.2094640833486776	1
0.3989298305325337	0.18642208890557654	0.12178150770690555	0.590636809256331	1
0.9882736718806887	0.8032771376871644	0.8907027227497523	0.271495027267021	1
0.9296885036677722	0.6186487593898199	0.36281834994917084	0.3111713761427849	1
0.7933712625850071	0.83934017320351	0.8605944070137196	0.5171424346709037	1
0.9185765742154341	0.8982281906771485	0.8877707033563577	0.24935238328386944	1
0.6111517758075963	0.8977949806539369	0.3307992292780588	0.04477513784787346	1
0.01001622993909812	0.30682021032550066	0.9160842589320893	0.22003633835986092	1
0.27772247472696643	0.3642673769880045	0.03193582436134057	0.7540699968672648	1
0.9894140567101545	0.6316874478407094	0.6896633895243454	0.2747814178720648	1
0.04438599870138216	0.8769933076279453	0.9693541058292899	0.8748126684384112	1
0.9516834260327982	0.17600386538665191	0.72245481943533	0.6513286528624784	1
0.6119473211656212	0.8683918044815984	0.10636067582634445	0.20795840633704488	1
0.992055564478519	0.8009356863625613	0.5838566478224636	0.9769887618729511	1
0.564356991127287	0.742998810241615	0.6045721589024429	0.9831826603111613	1
0.9612307972269031	0.5897746761863238	0.7848581398926219	0.7734869134563913	1
0.2778021270435408	0.4409492977253736	0.9600122944868354	0.3749538219110601	1
0.8483664134736093	0.7509398039630056	0.89336457031643	0.8035993465751774	1
0.8231052613810493	0.5497391889795483	0.7532059608568669	0.2634844891599053	1
0.4253376879389297	0.5893635337345697	0.20366649617342558	0.9917758880912952	1
0.04893833579433615	0.08890385056607675	0.7810803966161544	0.0663312126646507	1
0.10115613458624051	0.4497084268707191	0.2730872852887891	0.5879261088801299	1
0.2823705969682241	0.6175217792909048	0.46086258747948505	0.09771778595629654	1
0.2589761109117109	0.6452128690881931	0.4314801380692028	0.8936514582447835	1
0.3647351211452915	0.7093225779047491	0.3767501738492952	0.4082321724219413	1
0.39751797797329447	0.954809593405013	0.16686725558454507	0.3088995295023247	1
0.592889836044691	0.11538137305077623	0.49419383797163285	0.2960317142795391	1
0.2596492048601945	0.35428625868622066	0.5834991834625296	0.4429256650966088	1
0.5469545551435558	0.4555195003805572	0.9833780671173763	0.3763639452050116	1
0.8170389543038528	0.9023302661841811	0.6198433947570455	0.17960679312543193	1
0.4353654932569587	0.838510966977068	0.6172044400266304	0.09149374380779829	1
0.6555823078647475	0.3381968683720957	0.37480226468753475	0.9633229083570289	1
0.9967168921782013	0.7375097458589552	0.9215179216687176	0.13362481206126464	1
0.2388914571920594	0.8026887892604085	0.8091225710158899	0.3912496944331999	1
0.04670609948984894	0.1405458906794136	0.9109635054772288	0.859905315670903	1
0.3799678576900245	0.05036513786777186	0.8614397089239894	0.32602530503556915	1
0.900684075555488	0.9928505197705504	0.9313981642911182	0.884335699598456	1
0.14145067006067857	0.7449117106379484	0.08683143813292338	0.45938055604809647	1
0.98645981014084	0.7471078020082613	0.966456041894201	0.9615902505152896	1
0.9717554845238332	0.9973309002194687	0.9416055807957716	0.17744669327120388	1
0.24088895455872794	0.48252990281528885	0.5058201809858173	0.376996355998542	1
0.20146687369449856	0.37044293215449176	0.3614625071899691	0.9096829808854214	1
0.8526998198535839	0.055762983615027406	0.27283341053879195	0.8054420335874336	1
0.5372772454723571	0.6150776980287884	0.069948005319453	0.7518856784010991	1
0.8245431970498808	0.3671846077404527	0.6918531317395102	0.03843561939188478	1
0.560015128612386	0.016760046646070337	0.2231591724544446	0.07014576073448653	1
0.6369884359391447	0.8612224203091853	0.4598741923384343	0.0985176879032782	1
0.7659737153801821	0.7374902730760429	0.8879116472193906	0.5886779109831226	1
0.48026424096007714	0.1298795578879417	0.09579333550225555	0.1563239659597535	1
0.7072458183936897	0.599167602249133	0.18072873097625608	0.549910556214867	1
0.3671209661047976	0.18662753769918383	0.9329663235794727	0.4483670341111621	1
0.6442434649758654	0.8082762532887563	0.8773364654708328	0.09651187802726624	1
0.13093907992998466	0.5551886285925283	0.20638421042895794	0.7042081063753763	1
0.35097517715886073	0.3686495233902498	0.2642087561614923	0.8228914805587274	1
0.26988283995384166	0.6424576018262488	0.70443339905228	0.244565576911712	1
0.9651245829517009	0.8619589171532276	0.3821672687460348	0.2722767043929146	1
0.9768395065622761	0.766849306185776	0.9608561930846655	0.28225854912547965	1
0.09122497474094204	0.12462028624436716	0.040415481175568924	0.05897087781677601	1
0.8320236389691099	0.6075075870529931	0.8869767282775458	0.8021169684621989	1
0.8667429019794335	0.6770452906331973	0.822692173276352	0.1591123042435968	1
0.972193270748818	0.5856214592028592	0.12668708550236873	0.07468257171195236	1
0.2676254792034449	0.09050454214411063	0.901683559756784	0.08623580250342178	1
0.2096088615762154	0.538389291501977	0.9865336181157145	0.3505389737540717	1
0.270240269374584	0.869703898666761	0.3597494790997625	0.08404298803478305	1
0.7893805350270966	0.3524236675690967	0.38755037378709367	0.8515035603473912	1
0.9885219513782357	0.8335361804760392	0.2133868247816958	0.22017859395973538	1
0.00015337531770676094	0.43720878616341785	0.769389052071016	0.7723594946670471	1
0.8731966093230208	0.39243209772204146	0.6134478028681111	0.7228055819737588	1
0.8979068236831206	0.5292040170687898	0.8321763354309718	0.18639641623570646	1
0.9547307604066653	0.5815487550809937	0.5698131255181694	0.2791518186109764	1
0.4849617217546416	0.4691773477037453	0.5010973569782847	0.6490124605718156	1
0.4513973842300364	0.15886080464234587	0.6886742781821299	0.3189680967053944	1
0.6105255211339279	0.24149095428274014	0.09709123503576	0.3874016482249152	1
0.5391537904976011	0.6474097004993168	0.9402964728507531	0.8154266764344775	1
0.448392423772741	0.10163068248310836	0.6186060169214835	0.44621174273595265	1
0.04634718349914013	0.1957566282127594	0.33258403984895557	0.6627694142245746	1
0.5717291584632147	0.3799856700979337	0.15131440183353362	0.9474207218004254	1
0.7171839015327992	0.9498579416500511	0.6282394834879583	0.47349084747899906	1
0.8905565858221131	0.6004376584467672	0.8193706225390208	0.9509714959734469	1
0.734048740008519	0.35860535663362336	0.4706323175379824	0.6818968188798874	1
0.6723903322505548	0.4083772720269835	0.10314184572091223	0.29052511019450344	1
0.7340815418489093	0.9314245216305304	0.26356755632921147	0.7007257685910229	1
0.4098861005768405	0.1964693488960193	0.6272696188401745	0.641662063483338	1
0.6094932627171754	0.4822731193779446	0.9353743178498058	0.2776171930817132	1
0.4057402066682081	0.4732764844442383	0.5719915035282523	0.2551353978370351	1
0.18018737002159912	0.08407706150182304	0.7638386654503275	0.02228666211088748	1
0.8716729307128273	0.16844718391982016	0.8728161294046369	0.2463137058375916	1
0.9717982014002449	0.8724410253933397	0.05768596621237987	0.637645891420731	1
0.901604019067686	0.6000204084208416	0.700442466597062	0.8768643536204708	1
0.9280923864573514	0.6768916225582265	0.622364178436773	0.7288611852861621	1
0.9628884615522576	0.3209221273762156	0.29903459129689314	0.6825126128970446	1
0.27331642122791033	0.9657877498453346	0.31498722640760246	0.04457643127323174	1
0.7519076314008508	0.8581692630941526	0.022065884931278368	0.686511974537036	1
0.6822896318286764	0.120557243793461	0.9012241384291292	0.44553499369793126	1
0.7080848399491004	0.8195616965051344	0.6251699343395921	0.9133040313590057	1
0.7077583221333333	0.8824506120925261	0.9567485864734991	0.8880453568941777	1
0.1352973652014292	0.020742943869173414	0.9796656689870029	0.029712326394244037	1
0.6046253879806013	0.41131399765733423	0.9339977936604467	0.751921572614557	1
0.061067840996642975	0.7305122743282683	0.7647095684176629	0.865805153039296	1
0.727263475044243	0.17780933118304754	0.7153073771196514	0.8282016474451203	1
0.6401744401187257	0.8975369406259769	0.7195356162445318	0.3019390073445086	1
0.49656925977305777	0.19458968386620124	0.38207245253225475	0.10894299128121543	1
0.4133305475430349	0.7887173501347734	0.20451938315625684	0.4899596287797643	1
0.48936692482693234	0.93987224296859	0.8257562057454859	0.8167520758259843	1
0.6444156650855024	0.32992424596259806	0.07312902578579861	0.8541757542507709	1
0.8696391933691027	0.3691078486969608	0.2620013548511435	0.22959580767510746	1
0.03698134761289562	0.8082621766703584	0.19134218315879503	0.1661381664980075	1
0.0942832657021041	0.4655053519144674	0.5842025245377893	0.13952500877952312	1
0.06843641116641508	0.24967172485271538	0.4300199894994525	0.17475308619366703	1
0.0937151734208651	0.4782414895283187	0.6047445720193352	0.790429379139428	1
0.5105355162624771	0.6548399759909287	0.2946920135031885	0.11293220628815293	1
0.46339075405586916	0.680002038354682	0.23474175427097588	0.22097565199191027	1
0.5068657547921162	0.9674530594701595	0.9598567327821756	0.06702359946683312	1
0.32546425598748907	0.8856628241526752	0.5351169329722645	0.015666210332169528	1
0.6893079394689892	0.39498994853460456	0.25851810504772876	0.90568394673441	1
0.24508932121253035	0.8551291977983012	0.5208258837721131	0.5988876853226979	1
0.455703024149702	0.7128966829255361	0.85084634940444	0.48794520047736334	1
0.8789085330329339	0.36140553619129934	0.48967315376860165	0.604534502672973	1
0.17441904369248495	0.960920852416556	0.10309608344192167	0.8164925340836974	1
0.9990055047197836	0.45521666838311803	0.9090571987494002	0.7702415194704996	1
0.5482455416732451	0.5827705627662798	0.8280224370444186	0.2749732318406253	1
0.9468992529280605	0.8997003953852134	0.8807555494444658	0.7529522933179063	1
0.42571335208222294	0.14142617741319707	0.2949484287774071	0.9103733509215173	1
0.29649911542747964	0.5064031036414736	0.8964210212923144	0.5498825167597156	1
0.999983039567251	0.28390973481270587	0.0009132779623339804	0.02506013263161655	1
0.6658201453212985	0.28465580210136343	0.7176153010425065	0.5443126939311363	1
0.8476276844013505	0.46741079748991154	0.42710606556141406	0.9748025590802132	1
0.7655572195489139	0.3167514901668935	0.07663613764428256	0.11498359153560211	1
0.46499898209748003	0.4482414711483915	0.19702732002416712	0.6620662515600242	1
0.013089866424910057	0.5705064062228218	0.30224147305017257	0.23919454116710348	1
0.9993670137347663	0.7839522866682749	0.3204804888866074	0.6348227998800283	1
0.3048709847473088	0.6176602590086681	0.0649204646781163	0.33512542320322136	1
0.67815207606719	0.7172589229061545	0.17595890646164913	0.24161536752267654	1
0.06628520719316955	0.15950799735266707	0.10510305128088693	0.07945403313962884	1
0.6881195069854688	0.9320415108776232	0.3048078545255174	0.5319627696653372	1
0.12938941154593886	0.9132728901976317	0.5818812346601737	0.9051238321932764	1
0.24096241254178952	0.5565869508431276	0.5362110448229047	0.6313322788173874	1
0.03066790326022284	0.9489436718335283	0.45510844423678387	0.6700933204844709	1
0.5659528135398251	0.9101702569482416	0.7697380129761342	0.4548293026514473	1
0.27985055130033254	0.5941188531088961	0.7328715484925388	0.2487094125624847	1
0.1942973361862299	0.36149086194895397	0.3292370326043085	0.5404141320882236	1
0.9163806140808488	0.5006445291113678	0.7392056802412137	0.8293327020382328	1
0.05268236955110728	0.2551077319001822	0.8217203563242225	0.6872403110535702	1
0.8535686733289627	0.4842741351861981	0.22764744230379397	0.027379876674200165	1
0.5335574654946552	0.3643984830956608	0.809140438589324	0.14771577516368373	1
0.730258073040158	0.33928179104922374	0.2421488205048764	0.12329980947087271	1
0.3283810129505904	0.7642984125969263	0.7775022287925522	0.31623026808478405	1
0.0293651890432286	0.9475124551227572	0.88219300960824	0.28022785446814624	1
0.37145575839733247	0.9150631768089945	0.30129136142488	0.8958929917035662	1
0.27552771655538666	0.8100575471280921	0.5080013996008187	0.3893777290481032	1
0.3441242311709992	0.5590121920401647	0.5502775699670904	0.8671354057772602	1
0.8774933330275717	0.6592571113861745	0.5586932557089122	0.5663452164259302	1
0.7045242013776774	0.7135927394679087	0.2801994791814387	0.09140114866264248	1
0.16305173595627354	0.3356109702162785	0.11569956623149757	0.47759860787430286	1
0.05933933369536715	0.7309475670204287	0.027674954409951047	0.6324950663495431	1
0.06903395983463712	0.8559742942793009	0.14699965292585493	0.4539222505909277	1
0.3826542407518473	0.16631521867136234	0.34026017322668745	0.20890049082609785	1
0.17487171957800363	0.22256065893612642	0.7649921717807736	0.727656975688223	1
0.45469321357024683	0.9097017379809551	0.3833277026387135	0.4055760990030449	1
0.11684425953063016	0.7014880516819958	0.8618619532471111	0.8027042879995837	1
0.3192034650539708	0.6839122095618136	0.28542430391193585	0.4905747658580014	1
0.7965430635169733	0.16481273363687332	0.44605788199493823	0.44574924356143053	1
0.08185311312708476	0.15749615736041012	0.2435519748623105	0.6097380905546042	1
0.2506446981984459	0.3253175575045091	0.7364711498846155	0.10788683048509462	1
0.9636374766144408	0.0799786856018393	0.30187248857010573	0.5696794504454019	1
0.9328855352271114	0.6805455216360986	0.6747483951753575	0.2860430732389537	1
0.5893926816905808	0.9201286819910637	0.48129221928688637	0.5464344750364687	1
0.4344377366986145	0.6993855139793032	0.9990950888616338	0.9229196631770198	1
0.7806813357959311	0.3907632361309179	0.2921661930792355	0.7032011406709326	1
0.9276899346940747	0.578194988271526	0.7115536919198221	0.3347288276748598	1
0.4977336212146696	0.6295053675325227	0.22390384497656746	0.46615259393093245	1
0.11578748530610194	0.044716644969862496	0.38400653861474576	0.6234577507106643	1
0.45562816750579516	0.022803472607458186	0.050323833336722745	0.3738454851579016	1
0.7905543732081333	0.4177399787817566	0.7305753518943809	0.0869708394428994	1
0.8589195050688032	0.9905342119079763	0.6922004200349077	0.9710935304946209	1
0.28768408489381436	0.9792564155826492	0.8018181967700809	0.3332618428922194	1
0.9037614525286668	0.1098698630214443	0.8241736197637781	0.7985758219903051	1
0.9865077261615741	0.6037545170798319	0.3767092830026574	0.16714522412712862	1
0.3573877349731124	0.8497284077976548	0.8622848994696793	0.5122175794437263	1
0.2370777504293523	0.3259460608649619	0.9154563629038667	0.5673497407694386	1
0.17509797112587722	0.6641213336869273	0.07765562772064627	0.28348853687350484	1
0.887813673653679	0.5153201586595353	0.015414134426026682	0.36357828129629166	1
0.8740620219907204	0.5934668435894629	0.3704551284330254	0.01435305920055685	1
0.6721465348031493	0.3007414581204342	0.9377602559979619	0.4156747598279218	1
0.06228050971121957	0.0493685738832661	0.30249072332667304	0.2892797865171385	1
0.888906674406071	0.7479514988734975	0.8435020188993572	0.573227730084145	1
0.7586508662208601	0.7897464070040374	0.14748550410014838	0.4083249779870154	1
0.21411588582328933	0.8467193055483757	0.12391909553364733	0.6811454058680787	1
0.948201347340465	0.7100777803204038	0.8308206471827594	0.5570929527549995	1
0.006662384503620777	0.12288817542071118	0.9082125256645579	0.4702012204310475	1
0.012745793458740051	0.04582522500729358	0.3906757683250073	0.7753189651990476	1
0.809838725833312	0.8073003190895301	0.20187470950832265	0.1972674890537992	1
0.8406141904409749	0.0964065173564076	0.07561878108817	0.34181270903502925	1
0.42483006052710615	0.8608753444491699	0.7239846328977435	0.44158783221499776	1
0.2654389689124109	0.378776272989772	0.5393129574763353	0.8609605054221527	1
0.9479417362744988	0.3773867887311765	0.017277633018576655	0.31862600272461516	1
0.7777664458263287	0.0760470849745164	0.6837465505696845	0.1297061708391104	1
0.042080722660541414	0.5369020817290369	0.6705746481723764	0.9581755895873557	1
0.5872035430570218	0.3249658763147486	0.8971467694193417	0.49284292509563477	1
0.9666128835975791	0.2617333398263746	0.6231494335514519	0.2191207532777516	1
0.11895911675114668	0.8015131967914881	0.49678971729419563	0.5402430462166433	1
0.6387207101298734	0.17552112926483998	0.10764291546703664	0.8997056027515429	1
0.2672932059368872	0.21749437173203057	0.875911412880405	0.59722414574833	1
0.9447767509746725	0.2763931150805997	0.6710928347477599	0.8464943305422439	1
0.19595831773406447	0.47749736389506314	0.3413935490991584	0.8519605293305199	1
0.9306133457495809	0.9885414013705334	0.57373405365215	0.5351746752434555	1
0.34044766029356954	0.3530329896928779	0.25063800208488085	0.2920404712603717	1
0.47737440914464635	0.935990314896164	0.750469295793915	0.6911236344940069	1
0.7001147266266202	0.697230127918304	0.9010237999075265	0.6971290340705605	1
0.079592129984136	0.10093236755877011	0.4247911939673171	0.21780784166982536	1
0.07075666637305056	0.22082434871279943	0.4101766398773258	0.6238905350441704	1
0.04473814458929659	0.26770271935989254	0.34035812001071986	0.15059031255897493	1
0.49569608928484166	0.3298032263651963	0.8872203111766553	0.18619907698918559	1
0.1825461659368245	0.7130993027066423	0.8750913663261007	0.2587434978299903	1
0.7435484995902982	0.2479999199102454	0.6129309930974369	0.9084090711485339	1
0.29656084248495773	0.32620261149612884	0.5408897065516967	0.1600144413433513	1
0.1277251628226458	0.32892401505458035	0.6528026330767642	0.02836744214760545	1
0.22697844308595116	0.7077248907541697	0.8787187915732465	0.5197513345042398	1
0.15357027739180373	0.16657255455748843	0.8265809326701631	0.5013617001377861	1
0.19369345057851484	0.5850149228185914	0.3603363422143464	0.8197906963708433	1
0.6809047584827753	0.6102769180592877	0.5765891320940524	0.20936998657084482	1
0.5324915534082938	0.23436100885544464	0.4706717209634106	0.0730754745164589	1
0.7270344212656104	0.7522242638618233	0.3791805476175737	0.06222581435832053	1
0.3230941969039247	0.4755913131624553	0.11801911390932684	0.6854423901541802	1
0.6641500020733713	0.7972219056150661	0.840716148498175	0.8607227720537686	1
0.8867689004177564	0.2998560436585186	0.34520516591257133	0.21747505552533086	1
0.63323578453692	0.34622455197395763	0.8958062658890805	0.8910306480704853	1
0.4656126973014556	0.7292535957590766	0.5686144786200817	0.9693359039401368	1
0.4755069107728538	0.8742762637288614	0.9309101829632784	0.38376985396089447	1
0.08083074345391117	0.815863030737481	0.7162544404136795	0.17063934105136747	1
0.8067963437136816	0.9947523126473936	0.4305426892803569	0.8484084818765726	1
0.3577552457663553	0.23641182294691454	0.19964012922970376	0.08440793625605025	1
0.7960702603339264	0.3027866076760425	0.7656171942519832	0.34275000282781887	1
0.0004236102228684091	0.8981785718311524	0.02530429288600833	0.1465372873727906	1
0.667774664828221	0.6016353125040119	0.4042228300325862	0.4119649644607112	1
0.6244555875016045	0.16421185048536235	0.21323538969742628	0.7241592225368407	1
0.31993082457843414	0.2559804012926059	0.3294051197759277	0.9017809153208873	1
0.7103917060477764	0.06922603049742004	0.341747128739461	0.8721050107015311	1
0.6869185109427187	0.7143505904930352	0.9834165958330393	0.47850312195886646	1
0.2991924700480859	0.06254681096266412	0.1004258788589053	0.4989529291533292	1
0.40639003136754737	0.8706257524458135	0.8695825091750545	0.17669834992336497	1
0.5596095391161422	0.30550617808934255	0.5661678025832604	0.664350539427351	1
0.24692084592343122	0.717295663056586	0.5981328559801433	0.9413883874026404	1
0.17946608465059732	0.619455061177836	0.8809857551613905	0.21951077879366399	1
0.9155154502262401	0.2686279233693891	0.3855677468205241	0.32344560482738693	1
0.6906280216060402	0.45672752777169967	0.902774054258951	0.19485803005137858	1
0.7754175328549516	0.10272587430913271	0.16719432816695134	0.8805235472309497	1
0.92884313643764	0.19073333747591603	0.13872616767995782	0.4522419931625561	1
0.22830415709774732	0.35320477946944573	0.9462951489536657	0.3797469322537107	1
0.4420018425610126	0.910512123105954	0.4864864760565729	0.17441718949270868	1
0.13078367208837538	0.678614110938859	0.8824897182974951	0.6402442350755084	1
0.5568853765273266	0.3588796288682835	0.5262511146845729	0.7723553693639967	1
0.24415160425119498	0.11864136856736662	0.7218650932033377	0.2072941552594636	1
0.13794373423993367	0.9542811010704165	0.33725646997908587	0.4699278423882408	1
0.8062282271545235	0.9045760122763552	0.9468730366253971	0.5456419533737391	1
0.46001581768444755	0.5917970754894265	0.46998242587956607	0.08728629264972898	1
0.7912731341411101	0.6666065437253387	0.6198816006691648	0.8087311343760882	1
0.1050871217249697	0.4702533051711245	0.08695641515262198	0.23082724446782632	1
0.5858504717879625	0.531964994465541	0.5826673724289096	0.3211779875265377	1
0.4097699475285672	0.5482486904561181	0.0607979457461435	0.768323929373982	1
0.5727420990221486	0.7902151554324703	0.5872537155734481	0.4277454317726155	1
0.6663754573409864	0.15102796719530864	0.9644512378971535	0.011131065437116727	1
0.849236439580132	0.11582490276523427	0.5954876833408264	0.3724365561741517	1
0.1490844648184152	0.81461982017221	0.18330203936787814	0.5987025018589003	1
0.18908100022859864	0.6416185186245025	0.01914250922675753	0.42045133698867365	1
0.1443756644898192	0.4792789875288116	0.6862016213804369	0.291635026420466	1
0.787083520584365	0.17537022361788435	0.6128052317897232	0.24000779372566217	1
0.3634700212856481	0.6518145561086369	0.4555922503530456	0.5815100428614095	1
0.9994952441987176	0.6874697703273296	0.9177257257932071	0.7685341886277364	1
0.5378616732081438	0.884425699395257	0.04676638356312657	0.9805355838031263	1
0.29687761451629835	0.6237570124686843	0.9829823974114992	0.18478685270304762	1
0.1789811192276196	0.03713640677160723	0.5934811148775919	0.2935239275720114	1
0.4374347947963747	0.9622957299865527	0.18522243558746798	0.21507011566251533	1
0.6050434764277614	0.8126351589004875	0.9397934432491843	0.9483127937982317	1
0.7447473416713615	0.5791120973334798	0.6023490315870421	0.3482052634472914	1
0.057739004534963834	0.9439618721296471	0.6884230823696114	0.22540282351139307	1
