0.8924131682628994	0.23932771373485484	0.9575769446600586	0.5661711641416668	0
0.01017063446494082	0.1155791219887039	0.9628834669508876	0.8397859748449088	0
0.015062591659404378	0.39206955683386335	0.18065595022811665	0.899324679029979	0
0.6906565248782206	0.9541348571777254	0.8722003327371349	0.5995105480846076	0
0.4174202941400933	0.62342452899012	0.9187120180093092	0.2881571628709336	0
0.0942962451765954	0.5872271267561249	0.42582691685990537	0.48075328152917784	0
0.8849966515275345	0.2197881171709355	0.817556083297602	0.7478729559433892	0
0.907516045822711	0.49305172364105254	0.8433291649074393	0.8838703649178881	0
0.23143343117067372	0.31904581007555	0.7590605359765452	0.49115432040209883	0
0.15220468162784984	0.6857116813447512	0.678794175685639	0.14954856744063305	0
0.9223226064180181	0.864000133438628	0.12792177565256435	0.9619714675053447	0
0.5522625905448784	0.03102033748149935	0.2935301687769811	0.21041542578492511	0
0.10351290712342476	0.7946922867822253	0.42085815134005644	0.4170619825968861	0
0.2059386345900177	0.9602458354840094	0.8199214145593372	0.8034874670885304	0
0.4127576966934233	0.9598988438693485	0.49226276942483305	0.8137504712383848	0
0.23199085326568158	0.04662955426113169	0.7879829818824208	0.06949988229543791	0
0.9326413781927981	0.31868003489634933	0.9489990334980473	0.20540404484826247	0
0.1819545172757182	0.6530751038491991	0.14582868807708482	0.017079041740526546	0
0.23149551853761186	0.6294155046652258	0.07102428188845367	0.7391986246685666	0
0.8667261067174561	0.1357810104014887	0.17329556056631468	0.663829007634129	0
0.6245580247328195	0.1758218251145579	0.5544775345010757	0.5621481936375406	0
0.6243237850992199	0.6694341912950793	0.21117548208873727	0.13052762880307633	0
0.38078323943353865	0.0561952259325047	0.5305079879604112	0.06406481868373726	0
0.31319766047636244	0.9751460054447427	0.31472407684665016	0.9660335682855585	0
0.22244867361742293	0.4272305174481522	0.17274592383444154	0.09864962065495408	0
0.104807846181318	0.030197024138925	0.24773078634810974	0.8087784268265563	0
0.8966209118024957	0.5683762705575005	0.690999262687536	0.3201075080859487	0
0.8393852226510942	0.34671392762424325	0.16171247237093012	0.37770177302227304	0
0.07580828977841958	0.14829591788311758	0.6353468150243614	0.7005720369404398	0
0.5140780189468823	0.21597662701742537	0.9478722502699457	0.5975215263455546	0
0.39288412692324703	0.7274196715601701	0.7252175348839597	0.6823016383292184	0
0.9949871867921818	0.5078304606334497	0.7307384312202937	0.12099852449076576	0
0.5035397915762055	0.9098814365946749	0.5231437949332328	0.05705746797924183	0
0.08133759410411323	0.8613991382587748	0.2752987079742777	0.07752948204478538	0
0.6940901630826425	0.026655722290432782	0.3712654422299543	0.4293038058475296	0
0.19940206502730362	0.38437829792257716	0.9967254941675188	0.0771399467139281	0
0.32583282603215136	0.9005551198972276	0.6760230071839387	0.9590126328224567	0
0.2187222338271917	0.15618341081347997	0.663397831949158	0.2692674267519758	0
0.12517052990780253	0.8697971982474781	0.9700691370730469	0.8624937525894952	0
0.9827565338325316	0.7791862217248603	0.9105780520029544	0.25934744908612595	0
0.2680472269503027	0.44158472752428535	0.08331579557171953	0.5550695804776585	0
0.7333849096563234	0.4325829899114715	0.5472481471193367	0.9690973502639536	0
0.8987147663223268	0.09924082890270902	0.4870445076858564	0.014767942603641449	0
0.8501306671263921	0.7360187531905839	0.3606389109882272	0.14217283619289034	0
0.9840551728169812	0.877466921903616	0.6798838406280927	0.31972685867198314	0
0.12271279037745697	0.5816106954419878	0.8525157343466824	0.24771805760454524	0
0.014526647231045242	0.2087350444645959	0.5107069802460931	0.13821784776513124	0
0.9260585867196314	0.6791830255434448	0.03517152365598264	0.5215224078312217	0
0.5646983858028588	0.546319340123183	0.9110845700900294	0.7772747102775549	0
0.400016938511663	0.15999822981281164	0.9545778554241233	0.005628551543674698	0
0.5437485933731484	0.2998180211524635	0.4723174158997506	0.8512645735693282	0
0.5332871960029214	0.6223888885223084	0.5139174035048856	0.927086662423339	0
0.004587784323305311	0.6807483903272094	0.20362875956411997	0.12927086677890598	0
0.7399472191229116	0.06299541382328466	0.34673486474195225	0.35564118508816667	0
0.7392380100645967	0.13136533195430944	0.45851237664897615	0.4772502061636317	0
0.7818747056110421	0.9969012594217712	0.40395473260880366	0.49533493656417005	0
0.5450888719321567	0.8428118073102921	0.6763112319503335	0.32330023211410175	0
0.15042109515701263	0.6647987932228219	0.3917962813929562	0.6339709390937058	0
0.5999081004475117	0.503062979767066	0.05943718544072185	0.5145734155325384	0
0.44921556121563544	0.0008403814870983073	0.8756948482117055	0.5915426359034409	0
0.6891160450903691	0.2893238682452992	0.20663774026456105	0.0005713410863393831	0
0.35475149320989774	0.7231310812608647	0.37513962933978995	0.381234681151737	0
0.4698495872240537	0.06875255664995139	0.3929104426513389	0.5258747072554624	0
0.3983765257359332	0.4306217914097149	0.7572397422373469	0.5220234798513383	0
0.8012870246621587	0.9248554281300164	0.11901860352736171	0.20748505667218908	0
0.34897499643138263	0.7076259843639654	0.41323382606706005	0.8107887671829278	0
0.4241495532477917	0.13044092168931087	0.7503300675726564	0.2518060220841203	0
0.5611415686174701	0.4026527142525218	0.5804271917175002	0.18645291292649868	0
0.08607977842701064	0.17812582936147092	0.6179825627351198	0.8511522409103447	0
0.7134068464665263	0.7496299555423961	0.6478186159041865	0.7521501887883666	0
0.46614801672095274	0.07906671690919376	0.10883154928711758	0.6039734073866727	0
0.5483588890789648	0.13433991152741065	0.0397107862147944	0.2368199568217404	0
0.274220034621513	0.734945792779696	0.8907377061130343	0.5327914436773169	0
0.15026989487457298	0.32254401436233227	0.7397571336682494	0.32829689618854396	0
0.18833944288383087	0.7857463582676439	0.406017332845796	0.7463514058189463	0
0.8597364273377196	0.3844618601194417	0.7806734303830989	0.3397402931996326	0
0.13002282938891152	0.2755079578642816	0.6515503002336576	0.061165310836063136	0
0.8112779882949478	0.011987942538316698	0.379326791025299	0.7439320527997004	0
0.03999744353982937	0.4140345741631829	0.7823739864079432	0.5933877172080326	0
0.5364277898079747	0.0646749533866654	0.046025963297646855	0.0292923756608795	0
0.6620652976343927	0.23023979800991212	0.07974661773020175	0.024107260487713833	0
0.4413525357487186	0.6525676988570465	0.7747273528333276	0.5442537519274465	0
0.8242303580205873	0.5124465052314842	0.9663409814953979	0.8969956981408057	0
0.0792154523682107	0.9503044541761322	0.7724591999925914	0.5077624182011266	0
0.828600303683786	0.37093966379482735	0.8072855832843673	0.5933932537625766	0
0.375867377454152	0.2911501396401328	0.3471200124010869	0.19809543985757339	0
0.5502070595518923	0.6021247802128966	0.7092498449905246	0.16335934187389045	0
0.21359231272689727	0.08411958296672795	0.7150083543984405	0.335396050662386	0
0.38421241414625285	0.2271919990170319	0.8548404481676728	0.7742544205496098	0
0.8355877399348948	0.9782433306832482	0.5853296091573238	0.031395055185546084	0
0.5476601672928433	0.39545495519811547	0.13437884289471713	0.6047544496840992	0
0.920987897431678	0.5556722968051525	0.9056031344556741	0.15503099311778712	0
0.750806064449825	0.06321066499152128	0.8190556104907198	0.5907280754754768	0
0.5941715489205697	0.5718843761676506	0.5540407109326894	0.5094317784174787	0
0.21963109414904347	0.7965015639866313	0.7428516795063775	0.14477531370089358	0
0.06100060287912312	0.14038121709447238	0.3444759922898728	0.6715610680538203	0
0.14834198808127352	0.37085918894721537	0.3493584086314635	0.10126693655638197	0
0.833538036090197	0.19161084454518218	0.9796034488775973	0.12258697733346591	0
0.35003776770725636	0.5077548374219303	0.7896321636155156	0.6454040969027435	0
0.8034814992418219	0.5053714926007384	0.0642200019335859	0.26846945476324424	0
0.5497345411317839	0.717904633078387	0.6583545793640779	0.9794271431537643	0
0.36138554380758947	0.056211527098015024	0.5271791255045448	0.6367566986093166	0
0.30972427003016967	0.8968786433847171	0.2075245725162146	0.006433900885881139	0
0.5198350641040755	0.05544056431516986	0.5847209703445823	0.5476475547375511	0
0.3749023100255081	0.09077198097236094	0.1910606559993927	0.06522968178923716	0
0.2864370875683673	0.6945119201412683	0.3789439735520319	0.844296708684923	0
0.8720992293765019	0.6508517639372029	0.571465417762392	0.639843819001388	0
0.42485459124271585	0.06201051426854676	0.6437695148338626	0.42289198829325225	0
0.91996060028567	0.44498752603059644	0.4486866546114936	0.4488275184720786	0
0.5839399951747563	0.7867312885203249	0.6164796874532484	0.7290904447927	0
0.3336065694868461	0.8629328605164055	0.1938574960747681	0.37189712429414234	0
0.5168222840050933	0.5492455847324728	0.9421396982324965	0.5384099481642849	0
0.9009361552932416	0.9022166591683324	0.736783327346873	0.6503273407253372	0
0.7543392521250845	0.9745510975040097	0.98790604331123	0.5020123651316556	0
0.13921826659577097	0.39893754657834335	0.9075231968579037	0.07015594697662397	0
0.8098595927889325	0.2979016398927361	0.7958879138564179	0.6578787988828325	0
0.494554202094304	0.16774811938884515	0.5129824727657719	0.288990399867303	0
0.8029148599355007	0.8464607208164475	0.11085084694753822	0.7006061052688135	0
0.8209963380122217	0.9315691267580226	0.07798671282286207	0.051336983717537255	0
0.23926944228402802	0.38233024433333307	0.46724338977943736	0.5154164610668605	0
0.014068553841719567	0.7520424282973546	0.4370013660426384	0.41865887856680983	0
0.9528404219155436	0.3552744321535619	0.1712085822903079	0.3764887359546296	0
0.879158687031296	0.9669748299721058	0.9805630621414443	0.7065162831723864	0
0.7833474818655872	0.41369383426499085	0.8142294995657117	0.5344665344947915	0
0.8480496342048456	0.360455628131914	0.013535745129353183	0.21675651234181936	0
0.9310027024212318	0.26324400726598496	0.7001352373130074	0.09751201795280173	0
0.35211299328495316	0.011337850806947714	0.14123957124489261	0.055660294844882774	0
0.6503164614473592	0.30441697421838254	0.7742821556078378	0.25175352549054175	0
0.8999623521836697	0.17882150874665137	0.8534984086746892	0.5208389278645282	0
0.7376723581979547	0.65391262163311	0.8094098085075917	0.04870367697609912	0
0.5892479148038119	0.09770714025182115	0.45307063676694337	0.038357280414836326	0
0.8702598147846392	0.6302502818673514	0.8144826671419564	0.6973225589866843	0
0.3723439792784182	0.19844657218369544	0.027285217182945742	0.7252576277716376	0
0.8711398897084143	0.7642505795199489	0.32315478919987217	0.15809228852417379	0
0.8020265528300706	0.3106489876599673	0.5301238286526021	0.30661456449912894	0
0.8626959855912879	0.2687056593459436	0.34197483013044483	0.6975580415190509	0
0.3824612919472107	0.6868045454446056	0.9032115109306661	0.00571129380999047	0
0.9851864131259167	0.14300502971734008	0.8724367869504803	0.7993836932627875	0
0.0707252827537318	0.6663808361003305	0.25306393538094485	0.46411799088881445	0
0.14043470355933074	0.6060706431272943	0.10948916848632584	0.40243590972449705	0
0.8041206051603145	0.8745643254387794	0.13858771968496075	0.955670909575192	0
0.4459455948077393	0.23048857915808463	0.5087218928925742	0.8128496972784219	0
0.3765554548336283	0.13198449152537184	0.21620196311359963	0.6183171707273762	0
0.6036123699915247	0.6988992729819818	0.8781329598916785	0.8531123603097913	0
0.35829964108106427	0.4165187522176941	0.8972817113101885	0.9572224119056753	0
0.9708481145055669	0.32668145217322664	0.049009063969240985	0.8074438623808929	0
0.5378313312707935	0.5875671539938446	0.6398660651269934	0.19099718339754457	0
0.4489182546943583	0.48999580693850475	0.030173544623280035	0.8387970389892405	0
0.7938953514353647	0.9122776435811883	0.8208637467333677	0.07895769918164641	0
0.4087908582534794	0.01778739662329032	0.39175023198493064	0.6933252620227052	0
0.9029889401018194	0.8377775505921483	0.4125075536649634	0.834819338871434	0
0.19504423592501863	0.5763460685360433	0.5858055312207588	0.34079627047210515	0
0.5033146613005522	0.020601627609608153	0.7022249059237262	0.7938924568012034	0
0.06004714105529663	0.7398944028862153	0.8100205940642798	0.24007962716784825	0
0.4111435398715635	0.6982719990351907	0.6891132418046331	0.828681416104592	0
0.4813218311534613	0.46001916954325106	0.6708958626644717	0.12487077339524477	0
0.6331707636421914	0.3100995269211648	0.5597929281962959	0.4716043505202051	0
0.8331579965574986	0.829910321521897	0.3692686764560802	0.2650173161424232	0
0.7006445129976849	0.8293277480689856	0.3782846911380493	0.3448896407191301	0
0.7377689161927136	0.8301287301818409	0.4510492572498368	0.49871988382407484	0
0.62862885311736	0.013906175660635789	0.11827754406925539	0.8153230069284301	0
0.7245151033099346	0.04509715721684149	0.4519417731825641	0.3693705226185251	0
0.06979029432674633	0.23147645430486408	0.5648793223705807	0.6424322841793624	0
0.7159557567283079	0.7852685451609972	0.640599391243674	0.6745434136211552	0
0.9076723666893285	0.09901221468696308	0.8779428613911912	0.00945038291189293	0
0.15630233226121004	0.7573167963174412	0.3038417363343855	0.7432864095684498	0
0.2522382796708694	0.6097239272742687	0.6024376756211666	0.017075242260973122	0
0.5082593500777736	0.7106469641706401	0.4039409678928382	0.9668079745817653	0
0.3516391225451462	0.4445478040525248	0.1370440119881864	0.6008402953859373	0
0.8142576970987822	0.6208635194872555	0.7901144876766536	0.14009193235099737	0
0.030266121692012038	0.4593840429109237	0.8002603648793657	0.30604365946284773	0
0.9715364505748904	0.5105784944047156	0.9048902320276855	0.3885276910009213	0
0.6737318680776616	0.0778775586081476	0.5172438354230584	0.802332188126878	0
0.7515592864798984	0.042970883378140035	0.9303467003272534	0.7595205151633538	0
0.18916804546486987	0.040638022013154806	0.47235117336189014	0.5487786922891322	0
0.693192341768872	0.48204490802315547	0.300012426735637	0.0037148722596601624	0
0.364738749211331	0.32294797357779137	0.8502006707583465	0.5808587114041908	0
0.032859884337696155	0.7466264356561139	0.8118622491753414	0.13085516200964997	0
0.5183654984603112	0.7904461064961658	0.4815338443160251	0.8393224869541044	0
0.6512805411919304	0.7958787320693184	0.2166088413063233	0.38020390311988383	0
0.9297830672924898	0.7101424912102049	0.6535907403368865	0.4467966736287422	0
0.8749367699043679	0.5619937389152452	0.548786181386148	0.6803708112839975	0
0.8893324999327147	0.08117202782528321	0.8601007253491835	0.7226626082175538	0
0.0446412615933558	0.007082389989013782	0.6577858275390417	0.8644755736285629	0
0.8470456800824553	0.01642612887790773	0.7171187215238094	0.8447206261033404	0
0.652277730307488	0.12774699809249757	0.25549938006660955	0.7035868304414269	0
0.2461273258388741	0.4363314720959286	0.6578653188535613	0.9071102245751134	0
0.2957708500440861	0.605242339964382	0.4469241546435767	0.23542700060798516	0
0.7805367672920124	0.6348843570251991	0.17213602281784135	0.3824420293211791	0
0.13459345094040132	0.12064570763842564	0.686974410065074	0.12597468170867177	0
0.7842128291034659	0.5955739871457136	0.11501174968706551	0.47088200946413517	0
0.4536581033400542	0.012356921706881185	0.056175961289920084	0.7366477886112421	0
0.2594203935297493	0.39037187258038575	0.9189633846041395	0.6833945258779262	0
0.7355864376935037	0.7015638185602189	0.6095777573783444	0.44146755935650017	0
0.4784662878030502	0.10087871854233632	0.9327354322459821	0.696044949830863	0
0.49623467603993254	0.6800280926700565	0.8165388847827241	0.29548228442963875	0
0.2546896092863531	0.4652059992514831	0.301794187938882	0.3302200309904846	0
0.6756144754292112	0.7589951123518948	0.6019282585991018	0.8718046966679508	0
0.009068689692901866	0.8442520872135262	0.6442542761307631	0.557589777817759	0
0.32691885456231995	0.6713935704373488	0.1353066616793368	0.12287857418334147	0
0.94200771730424	0.653310454685145	0.2676153477968899	0.60470128568487	0
0.2858208623092645	0.4394800356498443	0.3647410907670282	0.0046969427916973006	0
0.5794793616329886	0.02633690656538268	0.18022603305035256	0.23402386092838035	0
0.49074723147561616	0.8044659480491895	0.587936418549165	0.43301280515838825	0
0.6740618203078662	0.031738403621597966	0.5564178060512532	0.4052490130897187	0
0.36476600044923746	0.5149497380900794	0.17417919369572932	0.9637284467347498	0
0.23736573099174219	0.015874109335474063	0.09124964509445288	0.9181209227113165	0
0.22399640260762865	0.9441233220692694	0.7193345226591545	0.18570808991187926	0
0.7058190913282345	0.49381820237861895	0.4477650150944593	0.44518235230071	0
0.019313816620857627	0.6031965923844645	0.9739514570046658	0.5926717607675691	0
0.8340472701955085	0.7054115308179555	0.6568718331937492	0.895902039894338	0
0.78710666937516	0.861196793824406	0.6721142833151806	0.5906747457015606	0
0.7784170819121752	0.18636868724130928	0.5885501519518659	0.8019155470334275	0
0.9572342760911641	0.7391009799531408	0.26717116529408114	0.6659022130376963	0
0.7584342717078265	0.991180531348441	0.11761457726378399	0.2651450485793526	0
0.9075603304930683	0.6302434723136767	0.7386927913579068	0.09597808098587413	0
0.18626963141116004	0.48444111586096006	0.7626130059807303	0.14007588479779243	0
0.7702801314267296	0.19802867798638968	0.9342153231157997	0.49099725639802827	0
0.46880572359844164	0.17384478231370137	0.30773379600441153	0.8277850691496951	0
0.4432021113387872	0.6785317522409989	0.11908672774744589	0.5742160554595718	0
0.43816856699913775	0.3393005418677414	0.27022254624167075	0.9592037073392408	0
0.2732709049477249	0.2528364601636557	0.34032282679030645	0.5754240610831287	0
0.5860049918777437	0.6852590664857132	0.9967160374497726	0.9313354491194754	0
0.1686918162326213	0.15045095201738334	0.21380813219249262	0.5255973590674899	0
0.24869611440016637	0.9405727412546475	0.6774886960843334	0.7485181466617172	0
0.4904809579151892	0.5500170686599156	0.6123942472760233	0.5989692542317108	0
0.6855465462003145	0.13903188034587854	0.5554174459530907	0.7687240350500674	0
0.3814793294839043	0.5295131416945249	0.6747561902037207	0.02979316152727418	0
0.5199305492701479	0.6489847721782475	0.8941145454461565	0.5402710373596364	0
0.06503108091856369	0.5835689848617768	0.41276404038631254	0.23412283537130507	0
0.5741884433771741	0.46706092802952726	0.25481988721934956	0.3467709493544481	0
0.21368183309559685	0.2309851486303749	0.07763976806000883	0.5353297971772546	0
0.9617461404609192	0.71533315086511	0.9042882379816491	0.43135338085896147	0
0.6243069367006286	0.8235241636876168	0.5864161292043794	0.5753066331832392	0
0.046764572867400545	0.11128355137537571	0.03405680085309981	0.23494238925349253	0
0.34602814172039287	0.16342033966525837	0.25215277347510134	0.8337182736510426	0
0.40819377598476925	0.5054971345993603	0.26820320704232226	0.6140025749757444	0
0.3352389270868503	0.801097434091122	0.25240899851360143	0.1338369757891138	0
0.659876326573349	0.897655588957088	0.060942774856277304	0.371074655027786	0
0.6578008125015099	0.5601333091351883	0.9131956517182055	0.09647138212057682	0
0.5395742517888961	0.8266538710298722	0.16578291737909356	0.44713827444307297	0
0.4972247536940343	0.31825299263711093	0.9396054829248967	0.688281387872697	0
0.07639187751407572	0.701084130475916	0.9982192800557502	0.9886113083520179	0
0.6026488978544661	0.10482221325646335	0.41144699529050366	0.9566655613390589	0
0.8264689642429062	0.05640520011128003	0.33983964550285495	0.7078411269847599	0
0.23648396264340166	0.7583722442529736	0.8614475240376603	0.5704620905552363	0
0.4654504648100163	0.22414663341230734	0.023110195410617207	0.5546880278485472	0
0.16288065546988528	0.32151860563934176	0.7596887384762029	0.7222388046485426	0
0.14493378953673342	0.3651392524020747	0.6325188275289425	0.04525343431339568	0
0.3217918293883766	0.584709443904751	0.33726626386108505	0.693458032039278	0
0.10915585278446438	0.772663612493806	0.032157585052708604	0.1483396975560769	0
0.11503301779301645	0.4206882452474532	0.4489101380218571	0.383393007115691	0
0.7862611091885403	0.33978140309815474	0.37788470119912243	0.007562280632349094	0
0.49913634263611295	0.9860917024576236	0.13524879209933915	0.12001469123193131	0
0.07788827068968507	0.7261173110349943	0.5236853983794595	0.4540216563219984	0
0.8592498649492658	0.49997686422885923	0.6900978551176824	0.6696475549966604	0
0.5498295031320358	0.5486940552413057	0.9145988914430706	0.2592994970233179	0
0.2848635846606776	0.3221452477301907	0.050256349079762175	0.49706778413333264	0
0.897281986118033	0.5069534124429568	0.3858178145728698	0.20281075794891446	0
0.1557881659399848	0.21551194390395156	0.06928191389124405	0.38483945975408773	0
0.9473695984004412	0.4214360874407884	0.17852878539216854	0.44551424333593725	0
0.5267792014203143	0.759997410452217	0.4630013644429245	0.7501395611797624	0
0.8511871306392274	0.48332791299197964	0.2824741795394007	0.09223200834070533	0
0.749464799738426	0.10180516597305511	0.4108134031179671	0.7164354537018552	0
0.8071244223185087	0.7914850720980078	0.2179055164667204	0.5782578105330365	0
0.9735350051034147	0.12671251885786206	0.9757309716434241	0.8689311639869894	0
0.006963368975604789	0.8178284243920122	0.681428594265998	0.7516193990867094	0
0.5257486495812775	0.09809763574590558	0.0964677884316767	0.23263691136431142	0
0.32827033874695744	0.7289164773880782	0.7129176342939293	0.8578555770202327	0
0.4102202353461969	0.4665481179430625	0.27426223290501894	0.6144334991948157	0
0.9414179425531024	0.21504054519958493	0.06554966185599076	0.5208379369659102	0
0.7910893538944844	0.9109553234096602	0.281390695900247	0.8886973608198443	0
0.08451303450367842	0.25438114545495305	0.8149866273790027	0.08940755779302978	0
0.747393885804427	0.49145139616421485	0.7427681896747913	0.5461257825659684	0
0.2332257430935485	0.8475603517810149	0.04632667503314958	0.3289176330487279	0
0.4673950209593606	0.4536164866221395	0.023174463663593436	0.08617476220972875	0
0.16571631872235548	0.45160934589779267	0.8867344126502946	0.4245266835192072	0
0.8645973350136513	0.5136270056350933	0.36977689651888845	0.7686589627524044	0
0.2281736575858927	0.973052470584922	0.3937769910299188	0.9080905441151628	0
0.12931954969786774	0.6805865557533164	0.9091831794731806	0.27728572629646775	0
0.8296267691126723	0.4414905936104965	0.5075037881520714	0.7748240763325869	0
0.9833022663114114	0.4511714386557021	0.8292743582722151	0.5060344368856284	0
0.5258373145133239	0.44842885330106086	0.03662334391418087	0.7398552268229978	0
0.5972344085335277	0.7864964067204029	0.40586452778109894	0.9962578230200013	0
0.8493117699895988	0.7670576621131219	0.5726185595472197	0.6799969987442399	0
0.17900628679773367	0.8648284047497524	0.4960012521859254	0.013675946734329036	0
0.2765028614064663	0.0766393645229263	0.4855271995532584	0.6608103379134269	0
0.8396243788120474	0.10190615307156714	0.056302112342554334	0.6406991578187506	0
0.9870554131313745	0.5196164007954697	0.5984704064633719	0.3541170646068649	0
0.8182561270758587	0.2717886616304577	0.20595556397071368	0.8649442895450978	0
0.7552433965712403	0.8754000554713416	0.4228481578804052	0.16480168177640875	0
0.19203499450042538	0.05164673557597055	0.08046602908676714	0.7495354553672047	0
0.6260624328275882	0.6446699394272224	0.9439991303711978	0.30844911232009387	0
0.784667675340017	0.0316779057125024	0.14950147785719337	0.7179054626557767	0
0.15382129862363692	0.4002695115249989	0.6720295182110837	0.0025266222651390002	0
0.9349530842432116	0.4376493689073164	0.5576908659939404	0.582365765227787	0
0.5471774633855895	0.7380155792329973	0.08221497861626814	0.3924608504561813	0
0.6495463979835153	0.09642075961410357	0.532444857480634	0.9550068498150719	0
0.7339465847479416	0.21643201225159714	0.1688691123063144	0.840249268898354	0
0.8590264766331759	0.7082993819773118	0.5929724064193302	0.1495079832937265	0
0.1813385733535926	0.09202763042350148	0.5286617845201742	0.19438572117281183	0
0.3842027316904335	0.8999334171215483	0.5515979141623447	0.38971659064141206	0
0.7875498026209662	0.34438997247692493	0.6129137514284094	0.9917922462453018	0
0.3693336573387188	0.3281839437190952	0.028483149183165746	0.2801975769401195	0
0.9471618056560117	0.2655327530862701	0.6175468194922434	0.7722727613990445	0
0.3846800886671681	0.9687686331041704	0.011210455266797426	0.999631957555558	0
0.6688585190980444	0.7981721430383367	0.5104766790576525	0.5867877771997295	0
0.2893286973017506	0.1419694084158889	0.06965174186600931	0.09327416393042443	0
0.5511398852032471	0.140798713757041	0.14774159819285615	0.6114254736370254	0
0.6759187367368263	0.6262226313250232	0.6780652807643844	0.31330500623267943	0
0.7008846099327802	0.8569611659998784	0.5834423325535713	0.3659934573092887	0
0.12026387580354425	0.4669916979347263	0.6568003285648233	0.3599429205510163	0
0.594868610856325	0.9618999288945268	0.016311430910490254	0.6736002472936408	0
0.6791721381982527	0.8910164326982877	0.04759228839515617	0.3337528172360149	0
0.5987793242892729	0.31730590280796966	0.9342176841744202	0.39993660693499566	0
0.5868238869916224	0.00744514892365844	0.23646521536710463	0.3391876405175881	0
0.11085769847206439	0.7540912098856447	0.5471844821053005	0.7445349418430925	0
0.8362115482591699	0.6306946885857178	0.24345772560537882	0.25702445741422386	0
0.11705263000906652	0.8868224597319309	0.18655126946820944	0.9424376211823081	0
0.9059497472374562	0.8731590454559318	0.2428925603953982	0.6307023717137514	0
0.14251081608175176	0.9646962956034488	0.982493207388766	0.8080031799894054	0
0.6014548590072755	0.7458090757228978	0.6142140352507722	0.0603809936876234	0
0.6695221713556738	0.8174817197294074	0.36250029684839435	0.291616809178882	0
0.24380644923388928	0.21557131358910953	0.9994597402205933	0.5309114904911914	0
0.03235967682985097	0.517595170443638	0.9302210033303506	0.2428438643385965	0
0.5504845388671005	0.4752610604236853	0.18135103255791984	0.6629564389078854	0
0.2538432518951371	0.4572464304907903	0.2856739154716307	0.8841162495138788	0
0.6394101705094101	0.3576176401646509	0.5095400708740565	0.7595691728257382	0
0.1813740717691037	0.4489134424130302	0.8769841535942692	0.055259419833319834	0
0.59353692502992	0.9707647645671502	0.7261829496086102	0.09077109480806012	0
0.3701775695066264	0.9931534802385162	0.09762989416659928	0.646025621531357	0
0.3704347552806545	0.4210907260164847	0.8549178255358812	0.777488250897434	0
0.8282025514330889	0.2702015804196233	0.0980702066341328	0.9413311898564592	0
0.044640133533335735	0.165801557990087	0.5901140385957607	0.3744550106740634	0
0.9881855044772695	0.7957047513517312	0.7964709705076761	0.3536063373758248	0
0.9391686035629568	0.4581023282983324	0.5765048942497351	0.7548183036680487	0
0.20203417931100676	0.023423693668099488	0.5310687680748889	0.7937092221829323	0
0.883270720301574	0.4889207299870165	0.7806833245420405	0.9530573570377501	0
0.27657400340627347	0.41169375799984576	0.36171819009013684	0.635461213830406	0
0.9386180564293275	0.1761773566900532	0.5404578403304127	0.14617442788237545	0
0.4928122376851136	0.6068186942449517	0.2360472484825531	0.2944914338972213	0
0.8147673749327174	0.8807678700064867	0.369654108781713	0.7533654639326564	0
0.8017210633381148	0.6494061045287365	0.6416096953304726	0.9969069357334084	0
0.5332365460639121	0.43139633141920686	0.039271588076866815	0.34368042480713346	0
0.11820197188626436	0.15021175809748954	0.7231339741335153	0.665816849299137	0
0.009348065436376785	0.10555417566247194	0.7695953890951599	0.9817492789703712	0
0.3490912090103194	0.723062468838828	0.03942683925313395	0.7327697498457563	0
0.4327891759147733	0.5111144325945431	0.6804694237689712	0.06551296673594864	0
0.07815919170974939	0.37962857219448143	0.452623485236855	0.6109657705553029	0
0.7671216671585721	0.17588238669208145	0.5815263237753253	0.821023756751499	0
0.7141576051502198	0.13834135350564292	0.7607521985847622	0.5665869555433142	0
0.433787801625066	0.9531681667564715	0.8734522045457281	0.12174363952200362	0
0.20867512382742048	0.2489907771387826	0.07030167937872567	0.22629273851186493	0
0.37691082042575175	0.9945654676633308	0.6801507896821319	0.8724701379597402	0
0.9683436930798125	0.17562091113897527	0.24592946500454926	0.8299975498278414	0
0.5528238951062815	0.7108794466237823	0.3241129156616436	0.8027174499508002	0
0.4749509934873163	0.6150830094773231	0.38070706245511066	0.28766970348567555	0
0.1396552601576807	0.6608665320435883	0.05074218941417785	0.7792083785976202	0
0.5340166850146479	0.09832229881539312	0.7851338538226603	0.4352452225473553	0
0.9303869903688415	0.2713713309792075	0.9730252480387095	0.21879020626307133	0
0.8689427543878545	0.570124227423031	0.0017192565467335497	0.8672568760823332	0
0.7635859031574077	0.06369630864708853	0.9451818579450508	0.8622897629626934	0
0.340501751673275	0.7512982548649721	0.27261100741354294	0.7707154218299554	0
0.514400559439412	0.3022660168196021	0.5156100681098148	0.41796913255284696	0
0.857465664522591	0.2752290987469518	0.3518711648844264	0.15468742186794193	0
0.6417938965659876	0.14562138550089743	0.7662386719979869	0.21691386524056533	0
0.1626480613396888	0.22497371530799115	0.1964895168324895	0.17199547500410062	0
0.7407691074404037	0.9047326118912707	0.1319152233490668	0.39815564242053636	0
0.6210809726179934	0.40154383573402774	0.39256585954745915	0.7225740399364992	0
0.693484069602657	0.40137289885518057	0.21322051776827633	0.597261131009289	0
0.19723795295159596	0.799144947364753	0.5665199241673745	0.27051678145137603	0
0.6014851373928513	0.4996112064793007	0.0002265933244094409	0.8977565388817347	0
0.8952767845678904	0.49232559137909415	0.4104029808621653	0.6905167425628986	0
0.3200140266237934	0.612476156038748	0.7613974528821691	0.5141622251068901	0
0.4966689499834722	0.8245703892931016	0.5699151965612369	0.16035157270738487	0
0.9982435327805187	0.520743423227989	0.6121125685904624	0.18545965839077505	0
0.9041955551362852	0.9912339283216598	0.8904798204511021	0.9328000277916751	0
0.47631571808202555	0.7880490570461657	0.8770368388215494	0.23197491964882733	0
0.038479623902241245	0.18730807514297598	0.7688605023877566	0.24148759232342853	0
0.43142025814246454	0.032951703138275334	0.3389190444865269	0.8035910227173992	0
0.8298280320150678	0.3536679135076698	0.2075768524852032	0.6949152426942834	0
0.4000420613397849	0.2701645884018562	0.9251929492913973	0.35069192819773	0
0.8355055680281006	0.1704209319633765	0.4665177318992514	0.12058916227003746	0
0.4750155182189938	0.9572077684378127	0.3887945579382377	0.4484351190846828	0
0.42912115556810104	0.3936729701689681	0.9805432325154059	0.8896394568743596	0
0.7097444551929472	0.18469477582475535	0.9407988962965068	0.8898755021197393	0
0.4901127576087858	0.1800229912058915	0.14196020932218634	0.18118126394082923	0
0.2786323856449857	0.6040500541136817	0.5125247089924571	0.587900007059619	0
0.8167206198242337	0.9573597773569438	0.3841200806469166	0.958334872512808	0
0.7017742341069338	0.4957948392504715	0.9558770312555694	0.26856191467264456	0
0.6621526030196319	0.1367408099456502	0.4153229031887292	0.019815244241377372	0
0.5592113642485127	0.7460938743511878	0.8303139894926331	0.3548800810440985	0
0.5279658301648765	0.08906093291489792	0.6902969764039427	0.5730723236593372	0
0.5681833467077751	0.10475049254035318	0.3963293171563189	0.545961845509356	0
0.9801372109884186	0.31970755214170865	0.5561077338794452	0.7494573037389514	0
0.9669490653747647	0.9138382661676812	0.9765699058165277	0.5851899966594598	0
0.4015728371863675	0.2911218013699841	0.42762293920454353	0.29334821863165883	0
0.34876454036336535	0.9071167721883369	0.8130539970678358	0.8147381259065642	0
0.9435157323495117	0.418773295043425	0.4023835289306019	0.46613347655152715	0
0.009782548455165796	0.46659375386131796	0.9816459689225253	0.8435991924398889	0
0.8783893107686517	0.24766139520663322	0.5373284455353925	0.9960819388870245	0
0.4205217106526331	0.4244249428173892	0.8715487200774413	0.6930175813425584	0
0.42010271658236975	0.03204054607768936	0.6826763696721625	0.607368398124948	0
0.9955042736777844	0.5037529400680878	0.25839736500955146	0.9290929822624034	0
0.10927835799265728	0.4146169737051879	0.6124463226481955	0.433712360936113	0
0.5286313401525675	0.318848872316277	0.9786211894911441	0.07391344867118987	0
0.5246639007730384	0.11244422196205561	0.9761946724498535	0.4931435548691733	0
0.5646559698688782	0.18313224442532516	0.39461499222950636	0.2881874385988823	0
0.007141190898774963	0.23719253202683555	0.919327530889215	0.15269890897738492	0
0.7438071458063787	0.6953784469723419	0.24290168658242317	0.5506951699575774	0
0.7057086247795311	0.20799377540063935	0.0811270126067759	0.1446618461470045	0
0.6563365102547086	0.4086035875479306	0.3568568656452915	0.7210578326798264	0
0.652724386163896	0.01048277705187628	0.8458886155244268	0.31457174726162973	0
0.0645999222247462	0.8944285383959236	0.5728282508840952	0.48140105871076744	0
0.9555355664059159	0.9202161171631073	0.22090541949734332	0.04577537770168749	0
0.1741730365443258	0.7520762103839942	0.36469919100598414	0.45008408279429857	0
0.1034510035630859	0.5252750315949569	0.052516552607952405	0.27689663923389607	0
0.802013037605123	0.8905626930302866	0.24815022886326665	0.9078836044659128	0
0.5693212129432521	0.7023076873740052	0.5021143264384743	0.355727099627584	0
0.15553468750515043	0.5172885897701532	0.6966997601292134	0.13835519825267462	0
0.6030886774721819	0.7767497160920744	0.96560483728961	0.5035718137683715	0
0.7682760479806756	0.9716325894739195	0.6103620666085077	0.5806348039015019	0
0.7472288398559209	0.5285924198372218	0.799803928882066	0.7242306398700948	0
0.7249657266672616	0.6613406111521876	0.2495968393092547	0.87010959078953	0
0.8834043151362251	0.8623738906543443	0.7138834058796226	0.8032216571338926	0
0.800119475512979	0.19476696815307237	0.6410847355505694	0.015712123933974143	0
0.7483527304071108	0.2550725588211421	0.3922947824632632	0.3766775728194506	0
0.40564853926143596	0.560529037522684	0.6699977212086345	0.6730213552769158	0
0.2798849583909966	0.590332002627067	0.2648794633726488	0.6675457410256631	0
0.14372330425541324	0.038688964629511324	0.09226123181051082	0.6730724000996093	0
0.27048427551485876	0.2711783374686705	0.06877673393791706	0.44686348579602186	0
0.0772964320861882	0.6379484742961459	0.6445761759398801	0.32768976331199784	0
0.23003776342063953	0.6657897357469174	0.38423104794105434	0.6774858401969882	0
0.6386456407633553	0.8888090727787239	0.16291924791416035	0.9910507838287322	0
0.5796594452858078	0.17543287770541738	0.3054462129734451	0.5472375040578258	0
0.3815147622664946	0.3769003299369149	0.21831448886297888	0.5195540257445088	0
0.3470431700900726	0.653502034241152	0.4748054102212588	0.6448573356622224	0
0.9998701807321689	0.5522824057328001	0.8592342826224559	0.9422966611135176	0
0.9815144854358476	0.39238574142396987	0.2360989799560289	0.3784387260426406	0
0.5045361833248124	0.15615217944296222	0.6568945790747981	0.2330297463273373	0
0.5938379310941148	0.14179941251096906	0.7285286776286681	0.5831574509630342	0
0.7541327457435442	0.8016099153425541	0.6500298453689658	0.9263103434084242	0
0.9932135558188026	0.024474730451687576	0.09737481181988517	0.6669847030411873	0
0.02659157528691214	0.19031251500369462	0.530778543257589	0.8520668489579646	0
0.7173260757729603	0.07209210405297162	0.20916730658675364	0.26235655710754346	0
0.3204888334177536	0.6507082670980316	0.27305481674591614	0.822176522624968	0
0.4679085046864486	0.8744485133847029	0.37939736571007354	0.17568929972262348	0
0.11259592927820372	0.2369693620039176	0.9232256317929401	0.7199196865548894	0
0.8091599355061373	0.17285851355956816	0.8035612683689668	0.5411433969237579	0
0.1992080250136693	0.7686336153351212	0.711320865360146	0.8349201183140986	0
0.38233994321328046	0.6097775024669208	0.44908852469540683	0.23379118393247156	0
0.5088798521038231	0.9243262298152132	0.5739618663264815	0.5278369612656181	0
0.6210106897969053	0.5709495454913639	0.22992181502672426	0.484789684851643	0
0.9492421608050963	0.48723510552297866	0.5647342414567641	0.440493168945291	0
0.19448862492527585	0.28527678302799064	0.6319122644215373	0.12944548154016178	0
0.9237414603626578	0.3220983463016327	0.7791129993760538	0.08786619880550406	0
0.7326708917259716	0.0505586559105462	0.5687148294220931	0.8611541113448332	0
0.9065649508881591	0.28019732005567743	0.615944219127783	0.6179951699764523	0
0.19886211419646183	0.8083761878096554	0.7502059621579701	0.8617849772210788	0
0.06752300129145472	0.059259752926657305	0.2790388775696403	0.03230519886764305	0
0.5613975031747739	0.4562109124225622	0.26699317449220106	0.4685367337819114	0
0.24233987634670195	0.2997797872878274	0.7349230068420544	0.929445415550713	0
0.2028313855458458	0.872395647291968	0.0851251770003254	0.26653576378266375	0
0.9666693719676258	0.014629860176142206	0.6476568070771258	0.12168135623744658	0
0.27504200363094244	0.6669057148164201	0.6567396488370575	0.5140823089041735	0
0.09632582392574873	0.4892670190813898	0.8944841468015686	0.5682094108902351	0
0.7597910670846607	0.15889395937029538	0.6176599142316108	0.5295340573020957	0
0.5450515990654038	0.6421609799335422	0.2968941026854125	0.8860820714129812	0
0.7326179062601872	0.5633194101684701	0.10150043726679192	0.9952209431477411	0
0.5203819814659361	0.11623102320994294	0.25359486192860126	0.49678843261463146	0
0.9643586210154623	0.7675590510607605	0.45515689656517133	0.0057056297325375205	0
0.039964434499403345	0.7022592971650728	0.024322398163512893	0.682693662485288	0
0.4006916515312354	0.4380721880925701	0.5502251706765173	0.024595325875291785	0
0.26911935558150857	0.8602971042338322	0.5554117912218366	0.7743832569049515	0
0.8884574999211381	0.6678564863653256	0.1707983291590589	0.8872249755916741	0
0.10760732420592067	0.5220223912478054	0.2633604872479486	0.9181010711495797	0
0.769069140042469	0.2620728494243304	0.8506122629956667	0.8912391309245108	0
0.4668530811661079	0.3342412783002384	0.3467973549134957	0.779559533843205	0
0.31512529440610115	0.1490802873644188	0.5563802926698984	0.18520436071052981	0
0.660194562336913	0.10477568035504858	0.9772240487038961	0.9007185483276506	0
0.3346133875230096	0.3881023337488151	0.8063039329382019	0.11353407917124114	0
0.4982113061341428	0.8468123505244495	0.5366232206493733	0.14787074614018225	0
0.2325121801148955	0.8391710960140052	0.03221404223824065	0.5887788273772946	0
0.46777112177015334	0.757631565140847	0.19610788856772998	0.3283083567106422	0
0.9578627536268431	0.5889576822521378	0.8879210620560577	0.7413855199499949	0
0.2561451271619821	0.07435546719502695	0.08731150046992009	0.8136423584308248	0
0.4118604115924962	0.5343767050842048	0.7372455557823308	0.05801252617447872	0
0.48926748599203085	0.8407961651986706	0.9836174664076054	0.482316843728669	0
0.17901097485913942	0.2548870717094778	0.6690229549603589	0.009233750984471878	0
0.29103823621286584	0.19965984661095915	0.15209707665369698	0.6083444701034648	0
0.2564751370551258	0.6119584754590457	0.5523918909292861	0.506382654281982	0
0.8198998200872779	0.8707502091299213	0.347681560819466	0.8928506524813821	0
0.6502800116274892	0.22236310533884684	0.05167758966884628	0.8915778107807922	0
0.7696977732076788	0.2811183785353335	0.23988486976308365	0.7102017528366754	0
0.8317365616586556	0.6919160371444828	0.9285151422478445	0.21180489186160556	0
0.5208326583472086	0.08567745609383948	0.7829476277200342	0.4368076756848298	0
0.6639287185058014	0.2897688224260674	0.9810757867989258	0.9557921912122717	0
0.9379323356818761	0.6910657121618295	0.714720988081924	0.12813371509441662	0
0.805557083596389	0.1803184339523185	0.6101276576542953	0.831523865351627	0
0.23966680686289143	0.6742391241453524	0.841731219357229	0.744952022351015	0
0.047795750413293536	0.9361941845361854	0.265663247932692	0.8474683922863434	0
0.9896058345589307	0.9856880666430656	0.17165995142727475	0.28004570125238093	0
0.5459033798335794	0.2566288219646915	0.26364764304164	0.740815862200923	0
0.28247159676835654	0.2257408158476738	0.3503508623170899	0.14335568969761148	0
0.5339771718669065	0.2953936546199619	0.4532969637736053	0.843513177055367	0
0.6156526688107953	0.580857589351137	0.870706722369073	0.15560441913489764	0
0.7707017224349906	0.1727156610789795	0.695573144838119	0.07973350022890113	0
0.22265856514429838	0.6675885875260135	0.9634152523715485	0.5072088293672933	0
0.3563345546386777	0.2231792124487998	0.576580536787657	0.030455401758587075	0
0.7707177413498515	0.61613754223526	0.3564571704833438	0.19518025740184997	0
0.3689960414263035	0.7865144632192699	0.5183519851887998	0.6067764574666166	0
0.38530982969483574	0.07169611723763591	0.21590400640058138	0.5483838070739725	0
0.6238043458996618	0.8655026103635203	0.6328802831817377	0.9916626306334427	0
0.6712632840439462	0.3310985885339093	0.9943693422259166	0.7254061429338968	0
0.5694555746302641	0.00888089676014081	0.9709456505393174	0.25881552279568676	0
0.9076622535877931	0.7861077314110276	0.5465584366942196	0.40459587926376395	0
0.4834506889345884	0.9218071958252224	0.47998587614209953	0.5331935902478345	0
0.6184632737105125	0.7149831695816647	0.6819313093848657	0.55151379681439	0
0.3608608011505027	0.16626003035682912	0.7276304907675959	0.07999180999787192	0
0.3127635601801141	0.6169961986887508	0.7932372747199673	0.25085791776392696	0
0.18983570797767457	0.4128718476383584	0.11415417379916548	0.1332191950641337	0
0.7520565882357216	0.3955586929173076	0.549527781589363	0.5897008199954589	0
0.758852351197812	0.6298478442183557	0.7562634957567125	0.5374470851308074	0
0.8485010929277215	0.9777794024751193	0.46041733062362167	0.526082466028386	0
0.9386634428147007	0.7576285803943462	0.5258871071515367	0.05376589478769389	0
0.2452355364214568	0.7836002779003501	0.6479188359271638	0.34843006530856147	0
0.04574177749159014	0.954062022558248	0.8496238588505572	0.9542636130596205	0
0.4635389096755316	0.7585078669445248	0.26448326662633337	0.31894721826770833	0
0.0809717944886883	0.35764823896696585	0.1820539821592143	0.2999109583670464	0
0.7292503914075543	0.7612003327274988	0.5367474630055468	0.7526497962342041	0
0.39619064159378803	0.43626122353837793	0.626012292804956	0.860814625748646	0
0.5795697163372069	0.9504317107001248	0.18811589094860925	0.03295634357760213	0
0.4579031238937694	0.897996972912561	0.07118922204110778	0.27662279470313844	0
0.43180984709033365	0.8002914913761628	0.9609942984877012	0.5659125947712451	0
0.10234484909040042	0.06709140514175893	0.8565308743655262	0.47783638193013867	0
0.786911174358206	0.7826256276115544	0.8961388376821875	0.19640521310344272	0
0.551268241678399	0.8393859283918055	0.04761119527631785	0.008009663213711216	0
0.8894286234258787	0.16281430195293267	0.8738808400992898	0.6865733378675452	0
0.5292816687666764	0.7933691149180981	0.8940673065335919	0.7270090727013068	0
0.172560390154179	0.7088512807341901	0.8094944462649867	0.48160466800057733	0
0.5023463834437316	0.51331379268928	0.05990710771689223	0.8651880275020519	0
0.6174456233207405	0.022144279242759635	0.45423252809474135	0.1845917774149678	0
0.8806833188536016	0.7564717582052563	0.20966121051085418	0.06655903919363193	0
0.4469749289384042	0.9334028539514441	0.33137500850522716	0.7101614376673101	0
0.06641638147970985	0.29374709032525137	0.25415424613292625	0.7449132274457225	0
0.3963077908967677	0.5974243937050923	0.5253691127192511	0.6464392445011088	0
0.9664081682454251	0.14651027367313707	0.4017646348038053	0.8924268485244383	0
0.3032374341540913	0.5855288436126828	0.2380279823448045	0.9409998940143471	0
0.3459635664433818	0.19451545816812343	0.37203740078424496	0.8034767061195089	0
0.8242389962272129	0.6610793120064924	0.4900257245248151	0.9232928103743278	0
0.9691722285206834	0.40765449358487504	0.5696719333111953	0.9783711502843534	0
0.8647044228914857	0.9749872606315529	0.8980439381102182	0.8217015540709293	0
0.8412159350009455	0.7853714945476583	0.5333793497687902	0.5106540931503621	0
0.027703331410669274	0.28846231130044775	0.5763233370465171	0.921832949418626	0
0.5221641307375566	0.9025037728435824	0.7348758025231794	0.4335378048368641	0
0.2621044248693538	0.9394022085867187	0.6341138726012663	0.3557567242142018	0
0.7964980299774925	0.43338979621752305	0.3150157372760465	0.8010933333108761	0
0.5350660630775109	0.3993147772022755	0.9776276671246299	0.31626104978270453	0
0.8158157338647367	0.17923440373210198	0.965033068714086	0.36897314901125156	0
0.180052555980607	0.6686577372684843	0.7828621610217702	0.5302165728385442	0
0.6282431520430878	0.16769471790259272	0.16809443508605637	0.7066759111645973	0
0.041883766505398046	0.06747040754224953	0.012918187280054894	0.43218985488059924	0
0.42280795467463006	0.5322176720779208	0.387629125035846	0.18783070938142576	0
0.33535121829189873	0.18675773867514533	0.43320157270331283	0.6000250026674094	0
0.002065387969907184	0.7032743680797171	0.5137568461615089	0.6243337655537198	0
0.16988399117282615	0.4622422009138252	0.4070931698379411	0.28981826021589463	0
0.9394851608191394	0.6076469386145712	0.9887269587865053	0.06686970960598149	0
0.9042822846514509	0.9302356834765811	0.9148738553518776	0.026186324393106974	0
0.5546291505073107	0.12086633268727287	0.9931724515690374	0.48529529454297704	0
0.6665288289065908	0.6895366526955664	0.40015842682144953	0.8397388247088854	0
0.3493415543223045	0.12000724142918606	0.06523308487590129	0.6282567934924468	0
0.011617890312440537	0.09975270595876351	0.9300762334885565	0.15134948129104508	0
0.7253148244740079	0.75356604467276	0.9177446001176346	0.7366794217068479	0
0.9221525868681721	0.350083353656657	0.03354157853438655	0.006508567852930969	0
0.49166075263236153	0.5781601550351827	0.7407673138517855	0.7725725143962233	0
0.6288856505794328	0.372128105347572	0.7366104959390299	0.9338320418189359	0
0.6628817201602586	0.7490293906592509	0.2000960658779536	0.59610145690766	0
0.15956926618891165	0.9414313345419865	0.33941580786466374	0.9638179822411479	0
0.9211305693675169	0.9277714742478732	0.8241850849913468	0.5164479386752714	0
0.34089335617092165	0.5858767913262813	0.3208725184286937	0.6714303845431928	0
0.5108564572789739	0.17016287653517503	0.591912453148377	0.3957605726849144	0
0.7377393383041728	0.9749171219957498	0.29150771348975846	0.011198788758234324	0
0.27268280990371707	0.1430188786849853	0.8850117921889941	0.9614506860161819	0
0.3111566936511062	0.39840506977547596	0.947863597278411	0.5044770722889176	0
0.509293110743801	0.7095792178185465	0.15370339546041079	0.8442455803449314	0
0.6474448576689267	0.6178722619597296	0.22585083387481497	0.02028407018468703	0
0.7186869689178367	0.6339197094319589	0.17455164317951688	0.31335231063472624	0
0.3988505678883969	0.8770122490181459	0.1976876795840118	0.9482389425642437	0
0.4776717548295297	0.8839306619729767	0.12895222321868038	0.3529262457486144	0
0.7998793667161644	0.7003703251750764	0.8894984822325528	0.22106112311272608	0
0.7522818866962279	0.4506232459690862	0.8606054725282011	0.9460433928957419	0
0.5420947169162375	0.6578216002474232	0.9041933432742254	0.6840725813899017	0
0.14918424825034815	0.8368638033741382	0.2520596690057645	0.12871037115415052	0
0.18447141717438742	0.9073948370308612	0.43585021410126634	0.8980789786689157	0
0.048266690580345606	0.2621232919517137	0.4416259966032401	0.9897867578962932	0
0.6764706647460802	0.7690395145298691	0.3381483022686489	0.007995773316482269	0
0.18388069887132796	0.6973187531814685	0.15471701203196198	0.7453175838587452	0
0.2620639017359	0.7098597482632879	0.13626359301929136	0.9102376109992389	0
0.8565853349043723	0.6829591997486821	0.5565105482553747	0.2833604426181594	0
0.8806490167944502	0.21596575902380855	0.8509842374735459	0.19848011967054136	0
0.6565633215046266	0.6432569403134498	0.8741682332296833	0.5317433171889666	0
0.9881109193085301	0.9107637160481987	0.05541690209535799	0.4850505490086866	0
0.28303844397569133	0.5905854966826469	0.10300033251932317	0.15982811426827903	0
0.6981342638362268	0.3514956318316008	0.6181113285181041	0.645997226895259	0
0.750320060111038	0.13414116161424672	0.687229312548075	0.4548730828831171	0
0.5159789343861363	0.888887585690788	0.5193423048237875	0.233828790826903	0
0.4749500206394811	0.17248475764717597	0.3483609828134865	0.6142832816281076	0
0.34162092691298307	0.8506651846501795	0.4317972385810537	0.35464791718101674	0
0.92273120700508	0.08871349902259273	0.14293474440300935	0.7479167757667882	0
0.645879214782218	0.26597587593840544	0.21540162130670304	0.3627828356143443	0
0.41890188166866493	0.8066981661088238	0.13560735459133155	0.25609795210486475	0
0.10324122039632222	0.03800330474079605	0.44494141588118896	0.29817185521639744	0
0.9663122989553874	0.0651602989187301	0.155869675863613	0.7774825021010554	0
0.016280411384041127	0.6949447609623798	0.45158850468686573	0.23043485994190127	0
0.9052206469047225	0.10660310777602433	0.048082673292201394	0.22459474929590195	0
0.13807708081736647	0.23110673754426203	0.028700293015607947	0.7371767922360181	0
0.03914178725100459	0.33598561247409564	0.6471498965795844	0.7820243103019664	0
0.2624850381673638	0.1477831415092794	0.36049792789446367	0.7856078629753398	0
0.2059849307936018	0.0328728974860546	0.1905667052014457	0.03749426036334036	0
0.1572855169920473	0.2965423539508062	0.41227843575587164	0.19116120002768555	0
0.9212661126425906	0.4152884794634939	0.8406591416412106	0.840068232521311	0
0.038551341832065766	0.1906088434400135	0.8339220512416299	0.9197345908058513	0
0.5117173878064937	0.9352277898176051	0.75029952455998	0.27653400988111276	0
0.2704655537806794	0.4000247037478004	0.24060395642212873	0.6834528210995114	0
0.20308891642178128	0.7752384948305052	0.5421410984529623	0.7358719771234079	0
0.3850414201728134	0.7822681888310773	0.2442356096346472	0.5536580624229366	0
0.92899001142238	0.214861662058626	0.9029431338918061	0.4896333042415085	0
0.3683152540737058	0.9662212607009617	0.9092191576199332	0.08441041683687123	0
0.9048669802052273	0.46853051427292014	0.8649851271090357	0.2300435030305138	0
0.34387640488606985	0.4639941950233637	0.267756041212421	0.6727666259325844	0
0.6792463207123616	0.5142082087315705	0.6765154370231999	0.537793278029899	0
0.6698863081677561	0.741617394383934	0.9999159741695115	0.8908932427336078	0
0.9043649379456552	0.33549524925305674	0.1447969544339851	0.08305094643126287	0
0.6168205533034867	0.6501002303474795	0.9554180427799309	0.730780429708664	0
0.08169374165094023	0.4092209473165438	0.8810172619694301	0.5249795936382692	0
0.10448224559265096	0.37293625950747755	0.3381050826905613	0.3994961530251937	0
0.29073471883731217	0.4411486662996996	0.9035510857503616	0.580487427188709	0
0.7276139601272243	0.5352773774250533	0.7525460358692797	0.20762171967890508	0
0.3234714709085714	0.38102517527019164	0.9453710617684977	0.9548452370659778	0
0.16264062632737442	0.7558906838423368	0.33632848329920784	0.22692367172572503	0
0.38953907682335953	0.6521936554182858	0.2785929774507818	0.38387221369580626	0
0.48292325794005875	0.47069834574160063	0.05029034965129586	0.9556819567866317	0
0.30463422994917966	0.057183438765369576	0.0055882435821869025	0.8488311912472979	0
0.319371911308062	0.31618762251073185	0.14036611059098913	0.006928896780875382	0
0.5657092756049069	0.4366254006159159	0.11825406295014418	0.7448408258877686	0
0.8404638301565729	0.10386772722437942	0.6716422853215295	0.7971193518118826	0
0.5179442394557164	0.15216849699951007	0.9670596195718125	0.1410519262698131	0
0.5077614237624944	0.3966550710490262	0.2187584255354178	0.3884412362957167	0
0.23084066837913575	0.8035356891177787	0.39215351032938983	0.15506820998333815	0
0.9832668926079007	0.9526961109340241	0.7546287693656607	0.8931853044527748	0
0.6779975747051075	0.3103409082466897	0.48578412141906613	0.5517312649089607	0
0.5015244994581369	0.5550356760362727	0.7009567626882811	0.26433384261298565	0
0.9985907716717379	0.4847692645463558	0.5559347379536492	0.9791200351567599	0
0.8214308155297652	0.7060344605936597	0.08395793051875522	0.5359209986312559	0
0.6707146008962522	0.9317014024347023	0.8368204751675309	0.3257007201041775	0
0.09324403962265104	0.38286295084667554	0.22503617446267543	0.50519445771897	0
0.7717528141875454	0.18912998652475665	0.9606439412318519	0.23194578167819413	0
0.7951676662352011	0.7210482286810744	0.5221966709893235	0.2842714654006082	0
0.6473942804357299	0.8350074879088585	0.48803445459581796	0.6248536291609585	0
0.1736970883588187	0.6699899976417132	0.3984952924018632	0.7094419175897011	0
0.30977251582476073	0.9507922869864528	0.485268218634222	0.6177838160256535	0
0.47407870681795816	0.9045420717126677	0.576124214875864	0.6020536821022029	0
0.726373640685087	0.5846405480646178	0.7108127343595688	0.4922487280164972	0
0.20199735686236242	0.3722571396154519	0.9510927348585583	0.4424692351090086	0
0.03981214468229699	0.544736841039291	0.9522040621104718	0.2055144118087877	0
0.36807446994601933	0.5765404341874523	0.8835642357232281	0.8123361210686033	0
0.6987044986425106	0.8628013378345304	0.6548871785635115	0.4027858292536012	0
0.5318675715143596	0.31515562252470075	0.9172006637389539	0.7071566084988372	0
0.5384011130070654	0.07380287944003483	0.43324453163650734	0.4595740920945278	0
0.0447984720712199	0.06572321072842191	0.8239150670518892	0.08408299936838326	0
0.33393631161257054	0.7493141917165499	0.41510756291026973	0.36695015228347616	0
0.03875707316889543	0.7125479769181849	0.03540738798451293	0.6615511054560467	0
0.2812920315418608	0.6486368016787522	0.46363718599009385	0.11248704136321941	0
0.704047424880426	0.6697126920975744	0.04061438244264581	0.9651487817219548	0
0.8335015897251891	0.28108309818062716	0.88099840288762	0.7781334659878495	0
0.47645219101197744	0.40042487362791546	0.725939773550959	0.9000417393792212	0
0.7028210137813627	0.04270935066326298	0.5556200461315103	0.7473648955582999	0
0.9417751369977229	0.33211370498371295	0.9982825749288295	0.5869832726016763	0
0.5870179872356047	0.37018851478026027	0.09503518933001887	0.9526830257463653	0
0.8182608444610123	0.24975008668173881	0.6076541678552199	0.49332033382709495	0
0.5111811614197441	0.9682134509320707	0.4930359575043982	0.41245769463681403	0
0.11080702472858472	0.6494959567344188	0.40624585696034543	0.5054963798067912	0
0.17853306837668592	0.06214050640629065	0.9420300642403473	0.7068166599253075	0
0.06772882543390979	0.6251217518429621	0.17342426909738617	0.4467423479104282	0
0.9859323481122697	0.43006836933007864	0.5218886422810975	0.5371649191616563	0
0.08384274869622543	0.4962629127043531	0.6862916034818753	0.3648815851796887	0
0.9860901268235803	0.1193034015980935	0.8162927806962439	0.7896363131252602	0
0.2965174917305863	0.40035241133966826	0.4086730673988399	0.596768200803143	0
0.09810176593502817	0.676404670770375	0.7778933642392993	0.5431954458052601	0
0.07004921587013013	0.23669870855603525	0.06982131853321816	0.07235387969204976	0
0.00943390836291813	0.08338479153474054	0.4918882304270994	0.7595665988704854	0
0.7655920702218941	0.013707754194978827	0.9837571515483371	0.6145497549123822	0
0.9376460893565607	0.586534498592582	0.3851691417569575	0.2637812116302073	0
0.3088618663967221	0.3945745429399411	0.43660950906132334	0.8143606670991591	0
0.5147938085420893	0.41778268452908307	0.22082163075852645	0.731718297392553	0
0.20326505793938865	0.8080721046267046	0.18998272766045277	0.641626437532544	0
0.418117336490203	0.11349875201792647	0.01329751890551878	0.12695159894353036	0
0.023412795876655235	0.8965664157959585	0.5973018572331497	0.7451775064044419	0
0.9211283438254647	0.2892234800315623	0.33185370055530283	0.8254123577971217	0
0.8473771891378975	0.13764648609015429	0.2804364980074273	0.8239099672246283	0
0.8948373304153288	0.4668391855809394	0.24845896978082527	0.5735835138310448	0
0.18335878130840877	0.008020850749132613	0.006269408124662035	0.0823421833488972	0
0.2694152818075999	0.5924366888969916	0.9378912825953227	0.7296084989515446	0
0.057669956709538894	0.817496336063999	0.08625851845245458	0.9587044754691251	0
0.16439717542700039	0.9653471528920454	0.5913399099560588	0.19381401968063927	0
0.7354824370451487	0.10337615098675434	0.9909688203215644	0.7812504872854316	0
0.21863006528726403	0.29396700015370736	0.4151215011214794	0.940223646827443	0
0.13346604152402497	0.2307439406903089	0.2450356868063589	0.9370039460547216	0
0.14713438812852297	0.9898331619410352	0.7218638575324706	0.3388626632543337	0
0.23153907454138967	0.5036829359930214	0.9727554073174086	0.5793985927454888	0
0.6320288390112806	0.8177807309285395	0.6317915216239663	0.3578361929461904	0
0.32546488659447226	0.06975026147097552	0.696959890224684	0.24684467444904712	0
0.15700678965217318	0.35916805509354754	0.7542194729906446	0.22771653546894	0
0.8256793027373013	0.7328096264638154	0.6422459891786261	0.289959569333919	0
0.7838211693673586	0.25907437865202054	0.8440618146341382	0.0023095567137764172	0
0.43859171294600074	0.6367839925688522	0.8662626325352295	0.7588763468058003	0
0.5101054125190739	0.7900958599652019	0.3028511195045287	0.19317317754593988	0
0.754902433578512	0.8503397881999711	0.1415712724572592	0.08340202337674485	0
0.5767079943925834	0.9948197598071721	0.21033149279333374	0.7515683839639735	0
0.38928787618015137	0.38810680718298707	0.047352797461346685	0.0959472963840271	0
0.7189122683791006	0.7331240515431978	0.6471089716457977	0.34774862122900685	0
0.7611559404452581	0.7241012986946067	0.11771033992775237	0.28637173782267544	0
0.6086320614184282	0.8037867005017372	0.5179361993598158	0.4507933124053277	0
0.6038555696094178	0.6507975227507293	0.1987546467092175	0.74781572033861	0
0.39552993278225335	0.907824319194226	0.21355560517903072	0.9543044481563389	0
0.8463342868827735	0.8831585876174541	0.301523396892008	0.283944020839044	0
0.7114348119429811	0.7991953749284451	0.6896512906577338	0.831231948161719	0
0.07725261515960968	0.6300470978534871	0.8757442100737554	0.7263400796863625	0
0.15681659225894728	0.14993644888580615	0.3550828435439297	0.3930995843334757	0
0.1874344582440397	0.19493175478873692	0.8398596097539881	0.7230151230525587	0
0.3226110445860556	0.027779769599907467	0.9997057212640853	0.5960147301127497	0
0.24371601763520312	0.26554904647390787	0.36721800107601943	0.38406569318924066	0
0.64271292030448	0.9390485424502155	0.0376942483345013	0.4030102926485679	0
0.5107820067384982	0.43630410819462984	0.5442671840973764	0.30599819741553913	0
0.04870740258398021	0.033389904879308596	0.6120758522167258	0.5096838500527355	0
0.2645418576721623	0.302023082134788	0.46217594203340395	0.676282323401626	0
0.3229483020608426	0.7249753495512585	0.29927428779496246	0.6871824928977076	0
0.8682004769530309	0.5246404844906808	0.27721688764347074	0.8049840165738085	0
0.22041528820643952	0.0546024710782852	0.07443279911500844	0.7414147186095583	0
0.771334748627116	0.992928183640294	0.07755949875278234	0.5682135790463686	0
0.717515406997658	0.689743108524844	0.4777389720510741	0.14555341365887364	0
0.62988023470153	0.7905244260209897	0.050467303890380455	0.024331518204774083	0
0.9863990677407165	0.9858999745001048	0.03685219679270235	0.8274798380515301	0
0.46340157805070736	0.08560204420292916	0.2801977875535935	0.15956309885140674	0
0.3497672958236404	0.20421510482086802	0.3589127566045579	0.8597057388134778	0
0.5117804864861651	0.12013174380001312	0.7331756380636596	0.7544382546868466	0
0.7871284228495858	0.5053969659187448	0.5344195118976178	0.4363914126445161	0
0.275250186040758	0.23547991706097016	0.6999069730798009	0.8755246259077769	0
0.6475792621394699	0.47729713993153366	0.980145876159588	0.46856566734331395	0
0.1732240298330342	0.6204334871046219	0.923285041214324	0.47960779983187274	0
0.18801987818287447	0.5512948566426129	0.7390954828838039	0.1676225278125375	0
0.6717926944442512	0.16285286376256913	0.7648086757326967	0.332512890997138	0
0.09449211140669611	0.43812654335984824	0.6033279663116576	0.8614371891591711	0
0.4149317268834243	0.4456189135309212	0.8705432614440874	0.11480803786288885	0
0.9990606436159246	0.3788584978043328	0.5979097184957224	0.7602554254498847	0
0.0417568664047443	0.4696864189801171	0.6090968899180967	0.2386518431273732	0
0.36249756495838603	0.6526414496697885	0.01646645298769267	0.09416864798812452	0
0.7242291098345272	0.9220869825037671	0.9128014691101038	0.09405595255041366	0
0.07521637921997493	0.8940072438714611	0.33782585198095527	0.7435426811339979	0
0.3187487099516587	0.6998469771565523	0.6023669713267152	0.1837981133382871	0
0.8483459151211288	0.822319834300138	0.8713135938370924	0.9197154908042828	0
0.589632444767454	0.8016514796554952	0.8516918178873203	0.49146882958170857	0
0.5600746300612081	0.3406213254188867	0.6575981173635871	0.5814373171290006	0
0.8878649755579404	0.057817346148601345	0.04545048451726841	0.6491230718845805	0
0.5298063489903098	0.4577177686383124	0.11864724408673522	0.8544524437557639	0
0.2598098967753498	0.10118597730840906	0.7190821067003853	0.33204029151898085	0
0.25219958789272345	0.6132259225829777	0.21308345181748978	0.9591450513067273	0
0.5410781038357015	0.37728463456564043	0.5594844420212381	0.3857307782649475	0
0.7766803691005573	0.05304027542637069	0.16515741561151187	0.06060903900127246	0
0.7268212684523304	0.8036432477400464	0.17807230816400432	0.5234004412559707	0
0.6462535969868523	0.1484839931980687	0.10619952853093317	0.5461358716286894	0
0.3725978905722842	0.1806038186546507	0.002386297514184621	0.038845917411645	0
0.9986146669012762	0.7081914802637181	0.431151748605068	0.13857876154503057	0
0.3880844710421877	0.9074540293999609	0.7251733018285376	0.7989581323552953	0
0.41003738441778215	0.4234798483675323	0.3759015721092047	0.1464318699823236	0
0.6579328078548412	0.5889344587608297	0.34960687864987694	0.9685113431608237	0
0.5319071191706447	0.8072772970653863	0.912478146215724	0.4595554781775565	0
0.03189154313075748	0.8286839580712925	0.06857503041014867	0.002054187420974296	0
0.030783202203895854	0.31704299066851516	0.6914148854102729	0.3037917610282608	0
0.03443655534545642	0.7244334583120611	0.41653712840820467	0.07986214161951788	0
0.3450719490277204	0.5867775501107775	0.007703701630665916	0.7986320368804882	0
0.023124717193836908	0.9783948371795277	0.14657787253717058	0.288510053295422	0
0.10713177076460756	0.3608075529983672	0.3549327072230384	0.1237544057636526	0
0.09884121325006234	0.27687856025562474	0.8298577005935226	0.25667936168485084	0
0.5599354410101196	0.4019755559761653	0.6108194006933901	0.6096818545688053	0
0.7042849612598163	0.8964853285327052	0.9027748865890809	0.28201243686959876	0
0.05219766407458615	0.6906515365584911	0.3909036623693416	0.3919604645781273	0
0.15399820944366593	0.18855995639402068	0.4934433099224951	0.2692346507597303	0
0.3892123962013532	0.052121119389198944	0.9201129570211126	0.5444178907066888	0
0.7502806864530466	0.24977336540957906	0.20077634366051678	0.794354348533713	0
0.04650904009320356	0.05730731415253498	0.08497269897370252	0.606286715150917	0
0.21671003321525728	0.27654832386129324	0.6298805136493235	0.4499245684748787	0
0.6728600831692194	0.20638327986641658	0.32064394364146986	0.9288444196188187	0
0.809630596064269	0.2533704038229352	0.1792211398185546	0.5718291332541028	0
0.24079751534401628	0.8817404839519916	0.7481208439424468	0.613068755418127	0
0.9561415324234441	0.7803681915855326	0.8682545838567074	0.3925497204217865	0
0.35802203442776515	0.4759751869361054	0.1334300310046418	0.4984221993380634	0
0.24209027878437916	0.15051353632321318	0.7028547622867327	0.5356704031175001	0
0.6836900333722538	0.5128949272101982	0.754056234129165	0.519453309962208	0
0.2594647223436365	0.4890227443911547	0.2961514100821936	0.021063949621608735	0
0.8391419739727738	0.5212323695338896	0.5582694986206564	0.2631312035669936	0
0.7594516677294273	0.40356876034656763	0.3092686812247316	0.2037845581133294	0
0.06024885789975609	0.881366879889829	0.16088559372701716	0.06721075911430463	0
0.5319885467373776	0.16619599480816105	0.22617762773246441	0.9850056343619317	0
0.8286369026987959	0.8582655763348368	0.21944827944158307	0.10090591852474595	0
0.699817194901674	0.5726464856565647	0.8156069220778179	0.5625021951784186	0
0.8801698705230675	0.34277782142362545	0.6684534374090025	0.030218303206968167	0
0.09276003292581658	0.18770439393968663	0.9470488663930104	0.23489563842208028	0
0.7973510611556273	0.8613311579249646	0.7790876520810741	0.44446265259914797	0
0.878031815304985	0.6172881085176457	0.7184837693873656	0.9753554526352207	0
0.7054448961229399	0.31813775052347426	0.7512571239719982	0.03794115314834523	0
0.5690209213810082	0.25570464641609014	0.2521022161711193	0.8169690984031932	0
0.2866265842421517	0.46430759002736166	0.6907096338932089	0.9091882179863928	0
0.8857111338765946	0.07841270545277523	0.9707094044793384	0.2884279777656502	0
0.920567358065501	0.6807843641418984	0.49945190922676586	0.27201294463201253	0
0.13646300385317378	0.8139840108142722	0.2306274607710157	0.17223642297874298	0
0.5487355003224952	0.6647564681608188	0.012824942432040576	0.054888658453865924	0
0.46757952281125204	0.23541442701457294	0.12156396996426633	0.071976448801635	0
0.4296762011892321	0.5188302549073955	0.18738467308996776	0.7552342855400511	0
0.7243902934947419	0.5247134693101069	0.21439643475442893	0.5383661143853791	0
0.11071330064580898	0.33739374379745113	0.2951967558340538	0.11106322600864504	0
0.11536740797205958	0.418725694361724	0.7378991353974009	0.5996735339363367	0
0.982191970105412	0.953000916578751	0.22087735666575004	0.6660492802399747	0
0.33158199891557316	0.5182204435475498	0.7317465062562487	0.5851692697883483	0
0.7935878940399137	0.07839846448751531	0.41816777335527366	0.3856202896104306	0
0.8035992203110952	0.8212333587193622	0.5285655520066945	0.08657954676903601	0
0.6456644548616213	0.3190011802836328	0.1852061353555826	0.6319736426385337	0
0.16897470651684965	0.3640432250885266	0.6688955402137368	0.9409958928425374	0
0.8865574932972687	0.5244897316492853	0.3016593306594958	0.8589711159156956	0
0.25575191697282174	0.37105807370249855	0.06155168607372841	0.9892816252696564	0
0.6494028136027384	0.7506805135364006	0.6764451839450742	0.2819745150059617	0
0.5943037026613084	0.7911141514274006	0.8825972504955215	0.4126025261566104	0
0.5994383792971172	0.7308053691658584	0.8055198293759546	0.1562197043482596	0
0.914660133306354	0.6440080935602663	0.5225957761082116	0.42307396893706417	0
0.15730451770577147	0.8742304140725192	0.11145523434265714	0.1262830496590358	0
0.7782945245271846	0.9623415714961997	0.37502559802823	0.35266684366959034	0
0.08287445674906446	0.6326027595433961	0.5037804068020272	0.6597150368473181	0
0.6285134765747034	0.9075674620746129	0.8886886231841719	0.4224458745292231	0
0.5074612561538697	0.5724340486894076	0.7908556254378766	0.9752033328352262	0
0.6584535522711328	0.2592258964805999	0.7987798846911482	0.8989418669295204	0
0.7121214704552202	0.00612214524686594	0.20493004624639743	0.305532009075577	0
0.9382574939531881	0.9110760263849743	0.4465819307693406	0.061871832274734584	0
0.3879934624704141	0.7773238525674183	0.1465001747530863	0.6721263790307066	0
0.5084744504787565	0.04113303245345157	0.41956987872296125	0.20828464075591568	0
0.959460570951497	0.7879132356907225	0.9114852269525536	0.9057048192008441	0
0.3172009395812728	0.1714590786232284	0.599867203390502	0.623823653872961	0
0.6088939681978355	0.30766477493539024	0.3489568188807335	0.9677525987986983	0
0.5279579621202991	0.25586664776922896	0.09963077511607998	0.9663702954158689	0
0.503009394281718	0.08909869323300224	0.8032225528568934	0.7292508220429594	0
0.2505650467531003	0.018004207997716848	0.3655359217599553	0.5905732940265801	0
0.027913889151525484	0.8579669460676063	0.2604978705282407	0.18747215728292055	0
0.9204231168367374	0.5569811335719542	0.06468058777298069	0.1820431432900005	0
0.9179559135440261	0.24451986842183704	0.7433772884493723	0.7786798489098803	0
0.711369304457821	0.5335837972144991	0.40141186866272804	0.8739362139760003	0
0.1343552757627462	0.570760009005735	0.8147185023574713	0.43842848586882	0
0.14343102747826186	0.3120252252723448	0.248374401890607	0.1663961270016301	0
0.7967273339902428	0.769382169676318	0.5250163764913807	0.45168501855924703	0
0.20430144715017717	0.323932867223814	0.6022758851790622	0.5376069038443518	0
0.57455545361801	0.149790043990077	0.5979921116890446	0.3542344255351212	0
0.8945895621405342	0.7702033397028716	0.7741191098957132	0.7370587693500807	0
0.6794067783917656	0.5314348337440707	0.243609710905496	0.2736207840590704	0
0.7997555126470072	0.6229212171699083	0.9911360980209714	0.7670740615976684	0
0.804758437922947	0.1464071787401564	0.7138914343126155	0.46703896607094453	0
0.3065416451336699	0.010930473482748337	0.7956472697525091	0.9068733942572775	0
0.47279113902705616	0.41197472601499896	0.8718455361369665	0.06800659109154239	0
0.6831063303369246	0.20415139471817034	0.15071979823186388	0.9979160170481719	0
0.621753775148428	0.3766660298712946	0.09564496195294847	0.3783897842915277	0
0.3632866116623463	0.3783633381285909	0.5079434867911071	0.6369524193237021	0
0.22570886000637236	0.43473533298362355	0.6711400906264091	0.28350002514505335	0
0.08265890019608468	0.0353201804119635	0.7638918483190246	0.23156954490231174	0
0.5478133698581982	0.41694850601287214	0.7409790947711027	0.5333679697471138	0
0.8976255237146871	0.9692321330647727	0.1943240801709527	0.9975362574125927	0
0.48354254901014615	0.5296246946856039	0.3865366218706412	0.3491796739913535	0
0.7660237384937412	0.9313855965606979	0.5939873587322058	0.9958448574134707	0
0.19582281504329047	0.5062312259090705	0.12892503197626215	0.46578071509997154	0
0.554157998219203	0.8832440798798818	0.8943447690537586	0.7263017299277287	0
0.40363764663860335	0.8383208645643895	0.779273022819216	0.7175308139207572	0
0.4836004282801962	0.9053520450819433	0.7154456097233396	0.7053790404094042	0
0.36053084475275743	0.33153842538260303	0.4060187761260686	0.8966579532499634	0
0.09823199465758548	0.36090463736506484	0.3190936982305894	0.5809769858377868	0
0.5957577446638834	0.7108034500721854	0.24009394635682024	0.37772846102111113	0
0.7199281215168835	0.47345505604449223	0.4432595224596573	0.38987727091083835	0
0.16158263603259537	0.44282429898345155	0.6582859405990215	0.02549563425226542	0
0.17978376785540506	0.14351687138817282	0.8030127580073531	0.15391292118701116	0
0.9656732462992201	0.13966468178118907	0.903954107438995	0.7777299291722793	0
0.42670632544814013	0.14644815369567676	0.8533190273130199	0.08091269419777747	0
0.41100075652450874	0.3857700130563205	0.410124076463963	0.20961311424277507	0
0.804297279245391	0.437623317700798	0.8484594577057105	0.2304589935653717	0
0.9380084668505474	0.4148929358857214	0.42247698584891913	0.5218901504053416	0
0.9573056780002976	0.04353809527632302	0.10082049464047971	0.47651909997486563	0
0.38868517308644956	0.11204784055620054	0.8075679100038134	0.2433949915661916	0
0.6454774555021588	0.7980408814775776	0.6130485538434004	0.945167305529919	0
0.3768470819229037	0.11798959837942846	0.04717225452625551	0.3450168270273706	0
0.1837923221643436	0.6820301816618025	0.1531033432401161	0.46612699741367114	0
0.43565085149497507	0.8650411075162306	0.36568801804225126	0.5945118882014406	0
0.9654829317663874	0.7159152278384993	0.7703338009249344	0.7261468458548103	0
0.16402373632883394	0.5250800251446588	0.6694100316955504	0.2443147441621043	0
0.96127976703372	0.5303628787296776	0.06322034097961615	0.4761456503541702	0
0.09953741012595008	0.9910761406282586	0.8487597539481222	0.956320183472701	0
0.2209345016876969	0.23262560089190054	0.6138578910727228	0.9895717242631663	0
0.013541822004930926	0.4279410008773069	0.214331263977109	0.6202743127514423	0
0.3358174780848444	0.6077225956421656	0.05787865103895684	0.28386057705546264	0
0.8510488431595996	0.9490438874047454	0.4990762576161879	0.41337599918544343	0
0.8849774207405428	0.033603834328931215	0.4407705422442365	0.8279982655340006	0
0.3419892433820515	0.905750422708266	0.8040215327437318	0.7275342638773548	0
0.6201570725636456	0.645141105809112	0.06036275759129739	0.8101344761002058	0
0.7419430560969295	0.01818828791030036	0.4177044142445202	0.244922841059385	0
0.7418037209058105	0.7275379489985548	0.1538840278190604	0.872225154617999	0
0.453730729506148	0.9788863766390051	0.8660981915082029	0.9842811911001474	0
0.3329290160340489	0.14972372193522954	0.5669054808712924	0.5858804773229611	0
0.24078572382116314	0.3963405678476475	0.6762942399788427	0.907197772365879	0
0.877378767614401	0.26500459847379554	0.10770111977614649	0.46375880225696275	0
0.6073738031606712	0.03899024404524132	0.23475088617580042	0.2536606011744369	0
0.6982033462294133	0.19471399006726875	0.6049298436881888	0.9646523592477082	0
0.8772711837485285	0.0972094561253668	0.8210496682548433	0.7447824543436294	0
0.34174808574032	0.2070059618614849	0.11755983887745702	0.1065312915896579	0
0.5103975954661221	0.412510769022566	0.5475784369417577	0.5745536489292163	0
0.027459202208989897	0.6178839381474368	0.8726498208108745	0.7558188667436552	0
0.4025246879818788	0.4859582025623965	0.43849702794594847	0.7870466410893069	0
0.24341882070131238	0.6824502488768708	0.5106479551315994	0.4373517996859977	0
0.44762594160265046	0.9100420363214109	0.48939983166989587	0.6114443611826988	0
0.8902468001196419	0.18233461693173825	0.01637816454747998	0.9567837203904562	0
0.330172495721492	0.16049785040674536	0.5575316935148917	0.12825865006305692	0
0.9422314126898451	0.46036696878006733	0.49301011333906575	0.34829946230218645	0
0.31233205074528414	0.6496764766096541	0.5810167330934809	0.5407259701997789	0
0.14498086691837453	0.5075310001322119	0.8793835610251737	0.9530599764337789	0
0.7567439541493096	0.08060860140045678	0.8817724848982756	0.688718820166448	0
0.2810604531423131	0.9905056602218497	0.5946092859283552	0.11487944290887186	0
0.4233937545847076	0.764395617276644	0.24600542436684336	0.3317903247750812	0
0.03832950142010283	0.2509243474739208	0.24257419499974853	0.6527164852086818	0
0.3512472892250006	0.19777744870794323	0.812615316438042	0.274028813628844	0
0.135880164522015	0.060078255364133026	0.4147175830007479	0.5124073953920515	0
0.3295496958982068	0.7421441358139664	0.49797337832700517	0.1338056594624062	0
0.5176920341966528	0.6307934126153524	0.9261303709323031	0.318779843983515	0
0.0708588534856649	0.9892889624474295	0.7232047903947264	0.6669462908943344	0
0.16040339212973687	0.7879400759047946	0.45479680324220784	0.5213213026517431	0
0.6227949479327788	0.7361583574213904	0.222659613011711	0.33862720678203273	0
0.9391736873939017	0.4023473752126746	0.8605378455874244	0.38377669549654625	0
0.9060691083720007	0.44380540637348553	0.23030571041733483	0.27670986684976273	0
0.23710280412759288	0.8321645970032387	0.6357452195012314	0.191797433568607	0
0.1763543116143843	0.9714928319116909	0.40802363809168474	0.37000903658541207	0
0.04642702386291497	0.06731987238498849	0.22024276955360533	0.3634762160868237	0
0.23015397556326023	0.06875965265822459	0.514002556388566	0.5739907920399502	0
0.256931178896769	0.9572200023048126	0.27526075535810235	0.15891495176510306	0
0.47495969594264187	0.8634725788776089	0.3732788767428079	0.02282981937944928	0
0.20166640780919565	0.19230138174776212	0.18277401492568945	0.862350900044431	0
0.9863186561369925	0.25195714898806554	0.5760682250488123	0.8550841766428939	0
0.2604878089693389	0.05484669552301846	0.8894874201480135	0.7010000890705066	0
0.6074304161891709	0.2541833524865268	0.23675501019811707	0.10445684930119059	0
0.9169796100007719	0.12895890044215008	0.717314319964591	0.144409258599549	0
0.5705413145116077	0.7705749863560076	0.988455177225924	0.6892843475387798	0
0.293325869296716	0.18107468696696438	0.843618109913103	0.8058117839815154	0
0.39881378531025213	0.45391978864157834	0.22262967129850741	0.8601055407324277	0
0.8261644173644478	0.698803505787678	0.12650701075965687	0.8744652028940182	0
0.83349830400331	0.7311191335797119	0.8532390776334247	0.9994608446894395	0
0.46751902712665105	0.9687783038011099	0.42381331802832134	0.997298132482512	0
0.301350884336291	0.8162510599669595	0.49431324549296074	0.4167387747656146	0
0.18891606404009798	0.6043447867207293	0.7837373036738898	0.9128295926153843	0
0.1107191230700112	0.2624951943942394	0.011722036847287787	0.4333771970084076	0
0.6352154390842071	0.23554221912511086	0.8078659987178163	0.7812395943756996	0
0.7248985178370634	0.9059428725366132	0.8341219452647873	0.6833478807672494	0
0.2379728250437404	0.6081538653806285	0.16233913118954657	0.723287698297832	0
0.020664837825357774	0.26309328247193453	0.6098693342290387	0.7379922516494611	0
0.1359941626917569	0.17226972944835472	0.6934109316844054	0.1845638698452725	0
0.6382798608054585	0.09125672111634153	0.8236637436953197	0.25036313361369467	0
0.2553411286753654	0.15769108230512463	0.5918108446279937	0.9366439680912767	0
0.14278304928029595	0.7421395436667955	0.39873235186842226	0.1418016711118536	0
0.41168792575940893	0.933234393384822	0.040601975331532425	0.6146182576424672	0
0.6653337800721493	0.32221001165323615	0.1860020049018244	0.7731474460478825	0
0.146647562531816	0.9569932040378191	0.9029283234056289	0.6336172887142654	0
0.5367642727461315	0.5794612119023959	0.7843591547601106	0.4380217093467146	0
0.2010502500724407	0.3126545638105398	0.7749583010580023	0.37252981144840813	0
0.572462580584436	0.0882484755114411	0.6533194149132203	0.421687184165602	0
0.13468623409665748	0.3373715955554728	0.9102024056425407	0.6845618230310399	0
0.4976672723309423	0.36013022620062485	0.08427421015601877	0.3401158012033628	0
0.4447964567817738	0.6680321975821288	0.7235905646886486	0.5647012272088618	0
0.8470388227893761	0.13799604920947395	0.31575688426042825	0.20461779461622798	0
0.4036442307622311	0.2213338296921581	0.7638687711524437	0.315854918639508	0
0.3421621319273913	0.6983029905195032	0.5370967679998961	0.3849920486538243	0
0.3422829965080848	0.5070165113431847	0.5376319044190151	0.5502925288998648	0
0.7256079932234445	0.14844040928723212	0.13631958487405826	0.3539445030149748	0
0.7452333381403652	0.1253315965979288	0.6158760286675207	0.9346825122223802	0
0.4966373705943543	0.049005558479870204	0.5623886319963285	0.7686669306374356	0
0.8137946448150785	0.8464680609569717	0.771115148684719	0.5922884795286403	0
0.47333251758863093	0.42590339238082653	0.2629479760341149	0.02532801281796393	0
0.49310609043077913	0.8858604505735077	0.4841688172457448	0.9218280812585403	0
0.15112528710668738	0.2534221183403367	0.7520290009873888	0.7945771840052567	0
0.7018588699855539	0.6978540975352052	0.3173428212440915	0.6937130363944649	0
0.1630948579502568	0.07269008431056379	0.6714701413323241	0.9559705207416377	0
0.08873953882935626	0.9050495164499069	0.3046917394092349	0.6576466873340604	0
0.7715065885701544	0.8480037028091505	0.30711024797125797	0.5217711413134954	0
0.9205327438498393	0.959952142349632	0.14099862689778508	0.3703778770519893	0
0.8924620450136733	0.9310903905973782	0.4020414889796119	0.6014599817277426	0
0.7765932150264186	0.582291938506091	0.7513527744476741	0.9342387190545752	0
0.01583351275096445	0.11950222482561901	0.20818032644267814	0.6421778923013207	0
0.634385107759431	0.7396125549982041	0.08064044560897099	0.18172721024377536	0
0.39712946594927645	0.8682656796993691	0.20120275046300773	0.22615367805554143	0
0.519624967212028	0.5199623149691042	0.4933829516813092	0.5853447148336487	0
0.4578160992396514	0.8058364077253363	0.780385387254035	0.4162021257393963	0
0.2217226478964729	0.6758673332590617	0.02731588916105898	0.9672138872522251	0
